1753717750.9714835  h  None  None  None  None  0  0  0  0  0  0  0  0  0  0  0  0  0  0  0  0  0  0  0  0  0  0  0  0  0  0  0  0  0  0  0  0  0  0  0  0  0  0  0  0  0  0  0  0  0  0  0  0  0  0  0  0  0  0  0  0  0  0  0  0  0  0  0  0  0  0  0  0  0  0  0  0  0  0  0  0  0  0  0  0  0  0  0  0  0  0  0  0  0  0  0  0  0  0  0  0  0  0  0  0  0  0  0  0  0  0  0  0  0  0  0  0  0  0  0  0  0  0  0  0  0  0  0  0  0  0  0  0  0  0  0  0  0  0  0  0  0  0  0  0  0  0  0  0  0  0  0  0  0  0  0  0  0  0  0  0  0  0  0  0  0  0  0  0  0  0  0  0  0  0  0  0  0  0  0  0  0  0  0  0  0  0  0  0  0  0  0  0  0  0  0  0  0  0  0  0  0  0  0  0
bbdbee620170dfd0060a59e069a190b6e284c86a2a88853c0461f196dd619d013875a8afc0a7f12e26832e35c7de1d62322d3716d998c910ba05874ac7bd3651
1753721218.9474344  h  bbdbee620170dfd0060a59e069a190b6e284c86a2a88853c0461f196dd619d013875a8afc0a7f12e26832e35c7de1d62322d3716d998c910ba05874ac7bd3651  0000  10000  69998  0  0  0.5  0  0  0  0  0  0  0  0  0  0  0  0  0  0  0  0  0  0  0  0  0  0  0  0  0  0  0  0  0  0  0  0  0  0  0  0  0  0  0  0  0  0  0  0  0  0  0  0  0  0  0  0  0  0  0  0  0  0  0  0  0  0  0  0  0  0  0  0  0  0  0  0  0  0  0  0  0  0  0  0  0  0  0  0  0  0  0  0  0  0  0  0  0  0  0  0  0  0  0  0  0  0  0  0  0  0  0  0  0  0  0  0  0  0  0  0  0  0  0  0  0  0  0  0  0  0  0  0  0  0  0  0  0  0  0  0  0  0  0  0  0  0  0  0  0  0  0  0  0  0  0  0  0  0  0  0  0  0  0  0  0  0  0  0  0  0  0  0  0  0  0  0  0  0  0  0  0  0  0  0  0  0  0  0  0  0  0  0  0  0  0  0  0  0  0  0  0
0000092b774aef576b3d07378f243c261ec0047b284d73b61c4f027dc2b6cb4caaa0062af55ce3f396b76410655dfc76c5236fa627208edc96bc2d057e7ce9b6
1753721221.5787363  h  0000092b774aef576b3d07378f243c261ec0047b284d73b61c4f027dc2b6cb4caaa0062af55ce3f396b76410655dfc76c5236fa627208edc96bc2d057e7ce9b6  0000  10000  92332  0  0  1.0  0  0  0  0  0  0  0  0  0  0  0  0  0  0  0  0  0  0  0  0  0  0  0  0  0  0  0  0  0  0  0  0  0  0  0  0  0  0  0  0  0  0  0  0  0  0  0  0  0  0  0  0  0  0  0  0  0  0  0  0  0  0  0  0  0  0  0  0  0  0  0  0  0  0  0  0  0  0  0  0  0  0  0  0  0  0  0  0  0  0  0  0  0  0  0  0  0  0  0  0  0  0  0  0  0  0  0  0  0  0  0  0  0  0  0  0  0  0  0  0  0  0  0  0  0  0  0  0  0  0  0  0  0  0  0  0  0  0  0  0  0  0  0  0  0  0  0  0  0  0  0  0  0  0  0  0  0  0  0  0  0  0  0  0  0  0  0  0  0  0  0  0  0  0  0  0  0  0  0  0  0  0  0  0  0  0  0  0  0  0  0  0  0  0  0  0  0
00005b8c39dd58361baf57f8afbb698af190b2881ff2d1b09e85b0af20b5b71e8a307dbcb92220bee69e1431f8f5f93904eb33ad7f78aeb055c7d9f94df29dd4
1753721233.3307326  h  00005b8c39dd58361baf57f8afbb698af190b2881ff2d1b09e85b0af20b5b71e8a307dbcb92220bee69e1431f8f5f93904eb33ad7f78aeb055c7d9f94df29dd4  0000  10000  366826  0  0  1.5  0  0  0  0  0  0  0  0  0  0  0  0  0  0  0  0  0  0  0  0  0  0  0  0  0  0  0  0  0  0  0  0  0  0  0  0  0  0  0  0  0  0  0  0  0  0  0  0  0  0  0  0  0  0  0  0  0  0  0  0  0  0  0  0  0  0  0  0  0  0  0  0  0  0  0  0  0  0  0  0  0  0  0  0  0  0  0  0  0  0  0  0  0  0  0  0  0  0  0  0  0  0  0  0  0  0  0  0  0  0  0  0  0  0  0  0  0  0  0  0  0  0  0  0  0  0  0  0  0  0  0  0  0  0  0  0  0  0  0  0  0  0  0  0  0  0  0  0  0  0  0  0  0  0  0  0  0  0  0  0  0  0  0  0  0  0  0  0  0  0  0  0  0  0  0  0  0  0  0  0  0  0  0  0  0  0  0  0  0  0  0  0  0  0  0  0  0
0000bb29ca7d21c3c1f1e54d395a1392da621ebdad8a7a6fbdf6e5192596ec48b2c5f7b3484eb6167bf9c0f4d4c25a1917133f03bcb094c0d3f16a5c54afce11
1753721233.4484708  h  0000bb29ca7d21c3c1f1e54d395a1392da621ebdad8a7a6fbdf6e5192596ec48b2c5f7b3484eb6167bf9c0f4d4c25a1917133f03bcb094c0d3f16a5c54afce11  0000  10000  13689  0  0  2.0  0  0  0  0  0  0  0  0  0  0  0  0  0  0  0  0  0  0  0  0  0  0  0  0  0  0  0  0  0  0  0  0  0  0  0  0  0  0  0  0  0  0  0  0  0  0  0  0  0  0  0  0  0  0  0  0  0  0  0  0  0  0  0  0  0  0  0  0  0  0  0  0  0  0  0  0  0  0  0  0  0  0  0  0  0  0  0  0  0  0  0  0  0  0  0  0  0  0  0  0  0  0  0  0  0  0  0  0  0  0  0  0  0  0  0  0  0  0  0  0  0  0  0  0  0  0  0  0  0  0  0  0  0  0  0  0  0  0  0  0  0  0  0  0  0  0  0  0  0  0  0  0  0  0  0  0  0  0  0  0  0  0  0  0  0  0  0  0  0  0  0  0  0  0  0  0  0  0  0  0  0  0  0  0  0  0  0  0  0  0  0  0  0  0  0  0  0
00002c1403bd68498d4bd0c281f23e3ac1203693ef311fc0acfdd9823fed0c18024dd231d6d60cd6a5ca0b3d7ed54e94b399d6d01ea76b50910faff2b73fee2a
1753721235.5243428  h  00002c1403bd68498d4bd0c281f23e3ac1203693ef311fc0acfdd9823fed0c18024dd231d6d60cd6a5ca0b3d7ed54e94b399d6d01ea76b50910faff2b73fee2a  0000  10000  75385  0  0  2.5  0  0  0  0  0  0  0  0  0  0  0  0  0  0  0  0  0  0  0  0  0  0  0  0  0  0  0  0  0  0  0  0  0  0  0  0  0  0  0  0  0  0  0  0  0  0  0  0  0  0  0  0  0  0  0  0  0  0  0  0  0  0  0  0  0  0  0  0  0  0  0  0  0  0  0  0  0  0  0  0  0  0  0  0  0  0  0  0  0  0  0  0  0  0  0  0  0  0  0  0  0  0  0  0  0  0  0  0  0  0  0  0  0  0  0  0  0  0  0  0  0  0  0  0  0  0  0  0  0  0  0  0  0  0  0  0  0  0  0  0  0  0  0  0  0  0  0  0  0  0  0  0  0  0  0  0  0  0  0  0  0  0  0  0  0  0  0  0  0  0  0  0  0  0  0  0  0  0  0  0  0  0  0  0  0  0  0  0  0  0  0  0  0  0  0  0  0
00005bf91c16f6f1c206d24b6b1750185f78032b46e7927a925d3c84a031419ce6072ac9cfd60297299948e23746451b1e2d8b601fb693cf5726bd316551704f
1753721236.9017506  h  00005bf91c16f6f1c206d24b6b1750185f78032b46e7927a925d3c84a031419ce6072ac9cfd60297299948e23746451b1e2d8b601fb693cf5726bd316551704f  0000  10000  54130  0  0  3.0  0  0  0  0  0  0  0  0  0  0  0  0  0  0  0  0  0  0  0  0  0  0  0  0  0  0  0  0  0  0  0  0  0  0  0  0  0  0  0  0  0  0  0  0  0  0  0  0  0  0  0  0  0  0  0  0  0  0  0  0  0  0  0  0  0  0  0  0  0  0  0  0  0  0  0  0  0  0  0  0  0  0  0  0  0  0  0  0  0  0  0  0  0  0  0  0  0  0  0  0  0  0  0  0  0  0  0  0  0  0  0  0  0  0  0  0  0  0  0  0  0  0  0  0  0  0  0  0  0  0  0  0  0  0  0  0  0  0  0  0  0  0  0  0  0  0  0  0  0  0  0  0  0  0  0  0  0  0  0  0  0  0  0  0  0  0  0  0  0  0  0  0  0  0  0  0  0  0  0  0  0  0  0  0  0  0  0  0  0  0  0  0  0  0  0  0  0
000075a4e7b097b7db6e39fecb990080586e8e2e4fefb0196518139a7b5e353fe1113116cae557e0340d1b74c636cb9e69f43b9efbb3877d0438e1fa4e80848a
1753721240.2208827  h  000075a4e7b097b7db6e39fecb990080586e8e2e4fefb0196518139a7b5e353fe1113116cae557e0340d1b74c636cb9e69f43b9efbb3877d0438e1fa4e80848a  0000  10000  114076  0  0  3.5  0  0  0  0  0  0  0  0  0  0  0  0  0  0  0  0  0  0  0  0  0  0  0  0  0  0  0  0  0  0  0  0  0  0  0  0  0  0  0  0  0  0  0  0  0  0  0  0  0  0  0  0  0  0  0  0  0  0  0  0  0  0  0  0  0  0  0  0  0  0  0  0  0  0  0  0  0  0  0  0  0  0  0  0  0  0  0  0  0  0  0  0  0  0  0  0  0  0  0  0  0  0  0  0  0  0  0  0  0  0  0  0  0  0  0  0  0  0  0  0  0  0  0  0  0  0  0  0  0  0  0  0  0  0  0  0  0  0  0  0  0  0  0  0  0  0  0  0  0  0  0  0  0  0  0  0  0  0  0  0  0  0  0  0  0  0  0  0  0  0  0  0  0  0  0  0  0  0  0  0  0  0  0  0  0  0  0  0  0  0  0  0  0  0  0  0  0
00009d66023cd14af8ca42de15581eb1d1d13beca2f646cca4f385fee243a64078ec31db6b14ed942395cff0225a90e45b116f4f7f9c0b726f5b4ee3c1736834
1753721240.4039366  h  00009d66023cd14af8ca42de15581eb1d1d13beca2f646cca4f385fee243a64078ec31db6b14ed942395cff0225a90e45b116f4f7f9c0b726f5b4ee3c1736834  0000  10000  15923  0  0  4.0  0  0  0  0  0  0  0  0  0  0  0  0  0  0  0  0  0  0  0  0  0  0  0  0  0  0  0  0  0  0  0  0  0  0  0  0  0  0  0  0  0  0  0  0  0  0  0  0  0  0  0  0  0  0  0  0  0  0  0  0  0  0  0  0  0  0  0  0  0  0  0  0  0  0  0  0  0  0  0  0  0  0  0  0  0  0  0  0  0  0  0  0  0  0  0  0  0  0  0  0  0  0  0  0  0  0  0  0  0  0  0  0  0  0  0  0  0  0  0  0  0  0  0  0  0  0  0  0  0  0  0  0  0  0  0  0  0  0  0  0  0  0  0  0  0  0  0  0  0  0  0  0  0  0  0  0  0  0  0  0  0  0  0  0  0  0  0  0  0  0  0  0  0  0  0  0  0  0  0  0  0  0  0  0  0  0  0  0  0  0  0  0  0  0  0  0  0
00002ced723f4f01bb7b04ddeaca4dec81f74ba4cc7ae21fc876db65dd241505193031ad111180c8e4e12755020d0e6d5802e25f978e35336236b8f53ba979a1
1753721242.2211676  h  00002ced723f4f01bb7b04ddeaca4dec81f74ba4cc7ae21fc876db65dd241505193031ad111180c8e4e12755020d0e6d5802e25f978e35336236b8f53ba979a1  0000  10000  66735  0  0  4.5  0  0  0  0  0  0  0  0  0  0  0  0  0  0  0  0  0  0  0  0  0  0  0  0  0  0  0  0  0  0  0  0  0  0  0  0  0  0  0  0  0  0  0  0  0  0  0  0  0  0  0  0  0  0  0  0  0  0  0  0  0  0  0  0  0  0  0  0  0  0  0  0  0  0  0  0  0  0  0  0  0  0  0  0  0  0  0  0  0  0  0  0  0  0  0  0  0  0  0  0  0  0  0  0  0  0  0  0  0  0  0  0  0  0  0  0  0  0  0  0  0  0  0  0  0  0  0  0  0  0  0  0  0  0  0  0  0  0  0  0  0  0  0  0  0  0  0  0  0  0  0  0  0  0  0  0  0  0  0  0  0  0  0  0  0  0  0  0  0  0  0  0  0  0  0  0  0  0  0  0  0  0  0  0  0  0  0  0  0  0  0  0  0  0  0  0  0
00006f886a2cbf37a1113641db66d3e0da7cb4fb6337438d6133de96b5de600307dc270b9d380364842c0093ec79523df21f427cace44058d55983cee51ca990
1753721242.9188178  h  00006f886a2cbf37a1113641db66d3e0da7cb4fb6337438d6133de96b5de600307dc270b9d380364842c0093ec79523df21f427cace44058d55983cee51ca990  0000  10000  31916  0  0  5.0  0  0  0  0  0  0  0  0  0  0  0  0  0  0  0  0  0  0  0  0  0  0  0  0  0  0  0  0  0  0  0  0  0  0  0  0  0  0  0  0  0  0  0  0  0  0  0  0  0  0  0  0  0  0  0  0  0  0  0  0  0  0  0  0  0  0  0  0  0  0  0  0  0  0  0  0  0  0  0  0  0  0  0  0  0  0  0  0  0  0  0  0  0  0  0  0  0  0  0  0  0  0  0  0  0  0  0  0  0  0  0  0  0  0  0  0  0  0  0  0  0  0  0  0  0  0  0  0  0  0  0  0  0  0  0  0  0  0  0  0  0  0  0  0  0  0  0  0  0  0  0  0  0  0  0  0  0  0  0  0  0  0  0  0  0  0  0  0  0  0  0  0  0  0  0  0  0  0  0  0  0  0  0  0  0  0  0  0  0  0  0  0  0  0  0  0  0
0000f7b0eacae9c92ed31abafb31ca75cb515fd7104ee22be6577e76b10607a9fdd2a29ef7b267f6a17938f4a86af34698d043f361bff075e519aa4d291fdda8
1753721244.8330362  h  0000f7b0eacae9c92ed31abafb31ca75cb515fd7104ee22be6577e76b10607a9fdd2a29ef7b267f6a17938f4a86af34698d043f361bff075e519aa4d291fdda8  0000  10000  64606  0  0  5.5  0  0  0  0  0  0  0  0  0  0  0  0  0  0  0  0  0  0  0  0  0  0  0  0  0  0  0  0  0  0  0  0  0  0  0  0  0  0  0  0  0  0  0  0  0  0  0  0  0  0  0  0  0  0  0  0  0  0  0  0  0  0  0  0  0  0  0  0  0  0  0  0  0  0  0  0  0  0  0  0  0  0  0  0  0  0  0  0  0  0  0  0  0  0  0  0  0  0  0  0  0  0  0  0  0  0  0  0  0  0  0  0  0  0  0  0  0  0  0  0  0  0  0  0  0  0  0  0  0  0  0  0  0  0  0  0  0  0  0  0  0  0  0  0  0  0  0  0  0  0  0  0  0  0  0  0  0  0  0  0  0  0  0  0  0  0  0  0  0  0  0  0  0  0  0  0  0  0  0  0  0  0  0  0  0  0  0  0  0  0  0  0  0  0  0  0  0
0000d85d17972f0f4361880dd939dd4010fdfc5e90c7aa249bed163ac6c440ee4da8112db73361e321d3e4acadf43f755fa8358242881fd491a7bf3474fda10d
1753721245.559349  h  0000d85d17972f0f4361880dd939dd4010fdfc5e90c7aa249bed163ac6c440ee4da8112db73361e321d3e4acadf43f755fa8358242881fd491a7bf3474fda10d  0000  10000  31716  0  0  6.0  0  0  0  0  0  0  0  0  0  0  0  0  0  0  0  0  0  0  0  0  0  0  0  0  0  0  0  0  0  0  0  0  0  0  0  0  0  0  0  0  0  0  0  0  0  0  0  0  0  0  0  0  0  0  0  0  0  0  0  0  0  0  0  0  0  0  0  0  0  0  0  0  0  0  0  0  0  0  0  0  0  0  0  0  0  0  0  0  0  0  0  0  0  0  0  0  0  0  0  0  0  0  0  0  0  0  0  0  0  0  0  0  0  0  0  0  0  0  0  0  0  0  0  0  0  0  0  0  0  0  0  0  0  0  0  0  0  0  0  0  0  0  0  0  0  0  0  0  0  0  0  0  0  0  0  0  0  0  0  0  0  0  0  0  0  0  0  0  0  0  0  0  0  0  0  0  0  0  0  0  0  0  0  0  0  0  0  0  0  0  0  0  0  0  0  0  0
000021194ddbf232fa68f71d07673dcc757f086e153ada11170b2b2fc242bf072c280b9c618ded45b678e91ec47e4d16d8fc666b7961e3fdeae1bdb3b873c334
1753721245.6110978  h  000021194ddbf232fa68f71d07673dcc757f086e153ada11170b2b2fc242bf072c280b9c618ded45b678e91ec47e4d16d8fc666b7961e3fdeae1bdb3b873c334  0000  10000  11588  0  0  6.5  0  0  0  0  0  0  0  0  0  0  0  0  0  0  0  0  0  0  0  0  0  0  0  0  0  0  0  0  0  0  0  0  0  0  0  0  0  0  0  0  0  0  0  0  0  0  0  0  0  0  0  0  0  0  0  0  0  0  0  0  0  0  0  0  0  0  0  0  0  0  0  0  0  0  0  0  0  0  0  0  0  0  0  0  0  0  0  0  0  0  0  0  0  0  0  0  0  0  0  0  0  0  0  0  0  0  0  0  0  0  0  0  0  0  0  0  0  0  0  0  0  0  0  0  0  0  0  0  0  0  0  0  0  0  0  0  0  0  0  0  0  0  0  0  0  0  0  0  0  0  0  0  0  0  0  0  0  0  0  0  0  0  0  0  0  0  0  0  0  0  0  0  0  0  0  0  0  0  0  0  0  0  0  0  0  0  0  0  0  0  0  0  0  0  0  0  0
0000a677316ae0d6b880277f989390edd855aca6089ae7513dcd9be4490cf420e789281ff5bd2fe4878654d17280c6102c4c1c97bed147921340b0434e67b755
1753890367.3084807  h  0000a677316ae0d6b880277f989390edd855aca6089ae7513dcd9be4490cf420e789281ff5bd2fe4878654d17280c6102c4c1c97bed147921340b0434e67b755  0000  10000  136184  0  0  7.0  0  0  0  0  0  0  0  0  0  0  0  0  0  0  0  0  0  0  0  0  0  0  0  0  0  0  0  0  0  0  0  0  0  0  0  0  0  0  0  0  0  0  0  0  0  0  0  0  0  0  0  0  0  0  0  0  0  0  0  0  0  0  0  0  0  0  0  0  0  0  0  0  0  0  0  0  0  0  0  0  0  0  0  0  0  0  0  0  0  0  0  0  0  0  0  0  0  0  0  0  0  0  0  0  0  0  0  0  0  0  0  0  0  0  0  0  0  0  0  0  0  0  0  0  0  0  0  0  0  0  0  0  0  0  0  0  0  0  0  0  0  0  0  0  0  0  0  0  0  0  0  0  0  0  0  0  0  0  0  0  0  0  0  0  0  0  0  0  0  0  0  0  0  0  0  0  0  0  0  0  0  0  0  0  0  0  0  0  0  0  0  0  0  0  0  0  0
0000995e2beb5739b36b51d7503aac24491abbdba22b8cf51980635d828b117c043683cfdf2bfc53ba8602ce35bef29b818f8259bcb31bb659c20b51697a7969
1753890367.3879936  h  0000995e2beb5739b36b51d7503aac24491abbdba22b8cf51980635d828b117c043683cfdf2bfc53ba8602ce35bef29b818f8259bcb31bb659c20b51697a7969  0000  10000  12692  0  0  7.5  0  0  0  0  0  0  0  0  0  0  0  0  0  0  0  0  0  0  0  0  0  0  0  0  0  0  0  0  0  0  0  0  0  0  0  0  0  0  0  0  0  0  0  0  0  0  0  0  0  0  0  0  0  0  0  0  0  0  0  0  0  0  0  0  0  0  0  0  0  0  0  0  0  0  0  0  0  0  0  0  0  0  0  0  0  0  0  0  0  0  0  0  0  0  0  0  0  0  0  0  0  0  0  0  0  0  0  0  0  0  0  0  0  0  0  0  0  0  0  0  0  0  0  0  0  0  0  0  0  0  0  0  0  0  0  0  0  0  0  0  0  0  0  0  0  0  0  0  0  0  0  0  0  0  0  0  0  0  0  0  0  0  0  0  0  0  0  0  0  0  0  0  0  0  0  0  0  0  0  0  0  0  0  0  0  0  0  0  0  0  0  0  0  0  0  0  0
00001a45f7089652f3f7bcdcf118fd557850cdb2a21b084bd389bd68384f05eb8a4b8ff465dcd1fc6d2c31ec002a3d832ea32828b7016eaae70eb66687080bf9
1753890367.9477108  h  00001a45f7089652f3f7bcdcf118fd557850cdb2a21b084bd389bd68384f05eb8a4b8ff465dcd1fc6d2c31ec002a3d832ea32828b7016eaae70eb66687080bf9  0000  10000  28811  0  0  8.0  0  0  0  0  0  0  0  0  0  0  0  0  0  0  0  0  0  0  0  0  0  0  0  0  0  0  0  0  0  0  0  0  0  0  0  0  0  0  0  0  0  0  0  0  0  0  0  0  0  0  0  0  0  0  0  0  0  0  0  0  0  0  0  0  0  0  0  0  0  0  0  0  0  0  0  0  0  0  0  0  0  0  0  0  0  0  0  0  0  0  0  0  0  0  0  0  0  0  0  0  0  0  0  0  0  0  0  0  0  0  0  0  0  0  0  0  0  0  0  0  0  0  0  0  0  0  0  0  0  0  0  0  0  0  0  0  0  0  0  0  0  0  0  0  0  0  0  0  0  0  0  0  0  0  0  0  0  0  0  0  0  0  0  0  0  0  0  0  0  0  0  0  0  0  0  0  0  0  0  0  0  0  0  0  0  0  0  0  0  0  0  0  0  0  0  0  0
0000407f6ab3187e2eeff089498c84c513b364e16c205bc13fec7a9f3a1f64f0fe04334d857f9c896d96e84e5f4071a3ed4e681ae6a9c215df248a9dbf294e76
1753890376.0174093  h  0000407f6ab3187e2eeff089498c84c513b364e16c205bc13fec7a9f3a1f64f0fe04334d857f9c896d96e84e5f4071a3ed4e681ae6a9c215df248a9dbf294e76  0000  10000  274143  0  0  8.5  0  0  0  0  0  0  0  0  0  0  0  0  0  0  0  0  0  0  0  0  0  0  0  0  0  0  0  0  0  0  0  0  0  0  0  0  0  0  0  0  0  0  0  0  0  0  0  0  0  0  0  0  0  0  0  0  0  0  0  0  0  0  0  0  0  0  0  0  0  0  0  0  0  0  0  0  0  0  0  0  0  0  0  0  0  0  0  0  0  0  0  0  0  0  0  0  0  0  0  0  0  0  0  0  0  0  0  0  0  0  0  0  0  0  0  0  0  0  0  0  0  0  0  0  0  0  0  0  0  0  0  0  0  0  0  0  0  0  0  0  0  0  0  0  0  0  0  0  0  0  0  0  0  0  0  0  0  0  0  0  0  0  0  0  0  0  0  0  0  0  0  0  0  0  0  0  0  0  0  0  0  0  0  0  0  0  0  0  0  0  0  0  0  0  0  0  0
0000c28eea881519ce11e9091a49b4f1b00e3209b8d3f72fe1d6417bb34b412ba6f2ad02623222145c6db5d86ace423781b8b507adaa91f2ac13af55d2a8dd56
1753890376.9259973  h  0000c28eea881519ce11e9091a49b4f1b00e3209b8d3f72fe1d6417bb34b412ba6f2ad02623222145c6db5d86ace423781b8b507adaa91f2ac13af55d2a8dd56  0000  10000  39494  0  0  9.0  0  0  0  0  0  0  0  0  0  0  0  0  0  0  0  0  0  0  0  0  0  0  0  0  0  0  0  0  0  0  0  0  0  0  0  0  0  0  0  0  0  0  0  0  0  0  0  0  0  0  0  0  0  0  0  0  0  0  0  0  0  0  0  0  0  0  0  0  0  0  0  0  0  0  0  0  0  0  0  0  0  0  0  0  0  0  0  0  0  0  0  0  0  0  0  0  0  0  0  0  0  0  0  0  0  0  0  0  0  0  0  0  0  0  0  0  0  0  0  0  0  0  0  0  0  0  0  0  0  0  0  0  0  0  0  0  0  0  0  0  0  0  0  0  0  0  0  0  0  0  0  0  0  0  0  0  0  0  0  0  0  0  0  0  0  0  0  0  0  0  0  0  0  0  0  0  0  0  0  0  0  0  0  0  0  0  0  0  0  0  0  0  0  0  0  0  0
00001f4745c1ad1710738b0a4747cc1e500aa3e725b0e8ddd7b915e2c119bf586b3c1c3074ff21b11d633ad8070501b65d78e51c67fbe67249198bdb6ae6d5ef
1753890377.2190588  h  00001f4745c1ad1710738b0a4747cc1e500aa3e725b0e8ddd7b915e2c119bf586b3c1c3074ff21b11d633ad8070501b65d78e51c67fbe67249198bdb6ae6d5ef  0000  10000  19891  0  0  9.5  0  0  0  0  0  0  0  0  0  0  0  0  0  0  0  0  0  0  0  0  0  0  0  0  0  0  0  0  0  0  0  0  0  0  0  0  0  0  0  0  0  0  0  0  0  0  0  0  0  0  0  0  0  0  0  0  0  0  0  0  0  0  0  0  0  0  0  0  0  0  0  0  0  0  0  0  0  0  0  0  0  0  0  0  0  0  0  0  0  0  0  0  0  0  0  0  0  0  0  0  0  0  0  0  0  0  0  0  0  0  0  0  0  0  0  0  0  0  0  0  0  0  0  0  0  0  0  0  0  0  0  0  0  0  0  0  0  0  0  0  0  0  0  0  0  0  0  0  0  0  0  0  0  0  0  0  0  0  0  0  0  0  0  0  0  0  0  0  0  0  0  0  0  0  0  0  0  0  0  0  0  0  0  0  0  0  0  0  0  0  0  0  0  0  0  0  0
0000b22f0cba54b101f8cda7457c1e7bb5e4b2e3f16234b57a9545b8b85b82d183490ada37106e6a8fa09f7cb92c1cde12c7dcba09a51258e717fd0b67ac3d5a
1753890377.5710416  h  0000b22f0cba54b101f8cda7457c1e7bb5e4b2e3f16234b57a9545b8b85b82d183490ada37106e6a8fa09f7cb92c1cde12c7dcba09a51258e717fd0b67ac3d5a  0000  10000  21848  0  0  10.0  0  0  0  0  0  0  0  0  0  0  0  0  0  0  0  0  0  0  0  0  0  0  0  0  0  0  0  0  0  0  0  0  0  0  0  0  0  0  0  0  0  0  0  0  0  0  0  0  0  0  0  0  0  0  0  0  0  0  0  0  0  0  0  0  0  0  0  0  0  0  0  0  0  0  0  0  0  0  0  0  0  0  0  0  0  0  0  0  0  0  0  0  0  0  0  0  0  0  0  0  0  0  0  0  0  0  0  0  0  0  0  0  0  0  0  0  0  0  0  0  0  0  0  0  0  0  0  0  0  0  0  0  0  0  0  0  0  0  0  0  0  0  0  0  0  0  0  0  0  0  0  0  0  0  0  0  0  0  0  0  0  0  0  0  0  0  0  0  0  0  0  0  0  0  0  0  0  0  0  0  0  0  0  0  0  0  0  0  0  0  0  0  0  0  0  0  0
000026640b35216a2b692c084c9d49346f004227e3b6e972c86b096a49d6b6156a275fa0a0846e825bd22d29824b8344b8b2aad01bcb52bb2917ea8d1fcd192a
1753890379.4004235  h  000026640b35216a2b692c084c9d49346f004227e3b6e972c86b096a49d6b6156a275fa0a0846e825bd22d29824b8344b8b2aad01bcb52bb2917ea8d1fcd192a  0000  10000  69056  0  0  10.5  0  0  0  0  0  0  0  0  0  0  0  0  0  0  0  0  0  0  0  0  0  0  0  0  0  0  0  0  0  0  0  0  0  0  0  0  0  0  0  0  0  0  0  0  0  0  0  0  0  0  0  0  0  0  0  0  0  0  0  0  0  0  0  0  0  0  0  0  0  0  0  0  0  0  0  0  0  0  0  0  0  0  0  0  0  0  0  0  0  0  0  0  0  0  0  0  0  0  0  0  0  0  0  0  0  0  0  0  0  0  0  0  0  0  0  0  0  0  0  0  0  0  0  0  0  0  0  0  0  0  0  0  0  0  0  0  0  0  0  0  0  0  0  0  0  0  0  0  0  0  0  0  0  0  0  0  0  0  0  0  0  0  0  0  0  0  0  0  0  0  0  0  0  0  0  0  0  0  0  0  0  0  0  0  0  0  0  0  0  0  0  0  0  0  0  0  0
00006cf964fec046019ffd2281c198fd1079a92b1302b3f6eb542ebf91943123b0f2d94786dd0dc5eb4aaf08f43349b987310e787c9bf35007fe74f197b39dac
1753890381.2695704  h  00006cf964fec046019ffd2281c198fd1079a92b1302b3f6eb542ebf91943123b0f2d94786dd0dc5eb4aaf08f43349b987310e787c9bf35007fe74f197b39dac  0000  10000  71942  0  0  11.0  0  0  0  0  0  0  0  0  0  0  0  0  0  0  0  0  0  0  0  0  0  0  0  0  0  0  0  0  0  0  0  0  0  0  0  0  0  0  0  0  0  0  0  0  0  0  0  0  0  0  0  0  0  0  0  0  0  0  0  0  0  0  0  0  0  0  0  0  0  0  0  0  0  0  0  0  0  0  0  0  0  0  0  0  0  0  0  0  0  0  0  0  0  0  0  0  0  0  0  0  0  0  0  0  0  0  0  0  0  0  0  0  0  0  0  0  0  0  0  0  0  0  0  0  0  0  0  0  0  0  0  0  0  0  0  0  0  0  0  0  0  0  0  0  0  0  0  0  0  0  0  0  0  0  0  0  0  0  0  0  0  0  0  0  0  0  0  0  0  0  0  0  0  0  0  0  0  0  0  0  0  0  0  0  0  0  0  0  0  0  0  0  0  0  0  0  0
0000ca2bfa332a160c39a2d3609d78015ebbd37923c36546d3b811fcbf3d3917234bda8797eab416fe984a1a92d620340852d55294da479547de07065562d01e
1753890385.536234  h  0000ca2bfa332a160c39a2d3609d78015ebbd37923c36546d3b811fcbf3d3917234bda8797eab416fe984a1a92d620340852d55294da479547de07065562d01e  0000  10000  148968  0  0  11.5  0  0  0  0  0  0  0  0  0  0  0  0  0  0  0  0  0  0  0  0  0  0  0  0  0  0  0  0  0  0  0  0  0  0  0  0  0  0  0  0  0  0  0  0  0  0  0  0  0  0  0  0  0  0  0  0  0  0  0  0  0  0  0  0  0  0  0  0  0  0  0  0  0  0  0  0  0  0  0  0  0  0  0  0  0  0  0  0  0  0  0  0  0  0  0  0  0  0  0  0  0  0  0  0  0  0  0  0  0  0  0  0  0  0  0  0  0  0  0  0  0  0  0  0  0  0  0  0  0  0  0  0  0  0  0  0  0  0  0  0  0  0  0  0  0  0  0  0  0  0  0  0  0  0  0  0  0  0  0  0  0  0  0  0  0  0  0  0  0  0  0  0  0  0  0  0  0  0  0  0  0  0  0  0  0  0  0  0  0  0  0  0  0  0  0  0  0
00000ad64da64a036f72a2a3e199b3a358454e2109154a853af8aa82c64d6455ccf416dbd18a64a1a9f20deaac1aec6a593255036fc2e5aa3aa5505929b41f6f
1753890386.808866  h  00000ad64da64a036f72a2a3e199b3a358454e2109154a853af8aa82c64d6455ccf416dbd18a64a1a9f20deaac1aec6a593255036fc2e5aa3aa5505929b41f6f  0000  10000  52641  0  0  12.0  0  0  0  0  0  0  0  0  0  0  0  0  0  0  0  0  0  0  0  0  0  0  0  0  0  0  0  0  0  0  0  0  0  0  0  0  0  0  0  0  0  0  0  0  0  0  0  0  0  0  0  0  0  0  0  0  0  0  0  0  0  0  0  0  0  0  0  0  0  0  0  0  0  0  0  0  0  0  0  0  0  0  0  0  0  0  0  0  0  0  0  0  0  0  0  0  0  0  0  0  0  0  0  0  0  0  0  0  0  0  0  0  0  0  0  0  0  0  0  0  0  0  0  0  0  0  0  0  0  0  0  0  0  0  0  0  0  0  0  0  0  0  0  0  0  0  0  0  0  0  0  0  0  0  0  0  0  0  0  0  0  0  0  0  0  0  0  0  0  0  0  0  0  0  0  0  0  0  0  0  0  0  0  0  0  0  0  0  0  0  0  0  0  0  0  0  0
000026065ee33edcda7c07b7dd6957493ee25da9d7639f2411dd537b2082102cd46d2cb0f352ba7177ea7a01bdd3d4f933bfaf925593a3f12afe63110f3be244
1753890386.8617475  h  000026065ee33edcda7c07b7dd6957493ee25da9d7639f2411dd537b2082102cd46d2cb0f352ba7177ea7a01bdd3d4f933bfaf925593a3f12afe63110f3be244  0000  10000  11755  0  0  12.5  0  0  0  0  0  0  0  0  0  0  0  0  0  0  0  0  0  0  0  0  0  0  0  0  0  0  0  0  0  0  0  0  0  0  0  0  0  0  0  0  0  0  0  0  0  0  0  0  0  0  0  0  0  0  0  0  0  0  0  0  0  0  0  0  0  0  0  0  0  0  0  0  0  0  0  0  0  0  0  0  0  0  0  0  0  0  0  0  0  0  0  0  0  0  0  0  0  0  0  0  0  0  0  0  0  0  0  0  0  0  0  0  0  0  0  0  0  0  0  0  0  0  0  0  0  0  0  0  0  0  0  0  0  0  0  0  0  0  0  0  0  0  0  0  0  0  0  0  0  0  0  0  0  0  0  0  0  0  0  0  0  0  0  0  0  0  0  0  0  0  0  0  0  0  0  0  0  0  0  0  0  0  0  0  0  0  0  0  0  0  0  0  0  0  0  0  0
0000a698bb2be33c95df604d2327bf1327c7135ea3fdeeb2ecb33bda5e6759a0df6f7ce986a1bba90890c580bd711c2c58906acb4a1580d2219b33c2fc1efca4
1753890387.5513783  h  0000a698bb2be33c95df604d2327bf1327c7135ea3fdeeb2ecb33bda5e6759a0df6f7ce986a1bba90890c580bd711c2c58906acb4a1580d2219b33c2fc1efca4  0000  10000  32226  0  0  13.0  0  0  0  0  0  0  0  0  0  0  0  0  0  0  0  0  0  0  0  0  0  0  0  0  0  0  0  0  0  0  0  0  0  0  0  0  0  0  0  0  0  0  0  0  0  0  0  0  0  0  0  0  0  0  0  0  0  0  0  0  0  0  0  0  0  0  0  0  0  0  0  0  0  0  0  0  0  0  0  0  0  0  0  0  0  0  0  0  0  0  0  0  0  0  0  0  0  0  0  0  0  0  0  0  0  0  0  0  0  0  0  0  0  0  0  0  0  0  0  0  0  0  0  0  0  0  0  0  0  0  0  0  0  0  0  0  0  0  0  0  0  0  0  0  0  0  0  0  0  0  0  0  0  0  0  0  0  0  0  0  0  0  0  0  0  0  0  0  0  0  0  0  0  0  0  0  0  0  0  0  0  0  0  0  0  0  0  0  0  0  0  0  0  0  0  0  0
0000158a805ed38bb3db0289ce56ca30d08de3b8d70d986858b80635ba201855c77550b8a055b9da0ff34d830669c01c815cc87a88cfdbd571b40f863de2bdb5
1753890401.4812791  h  0000158a805ed38bb3db0289ce56ca30d08de3b8d70d986858b80635ba201855c77550b8a055b9da0ff34d830669c01c815cc87a88cfdbd571b40f863de2bdb5  0000  10000  139827  0  0  13.5  0  0  0  0  0  0  0  0  0  0  0  0  0  0  0  0  0  0  0  0  0  0  0  0  0  0  0  0  0  0  0  0  0  0  0  0  0  0  0  0  0  0  0  0  0  0  0  0  0  0  0  0  0  0  0  0  0  0  0  0  0  0  0  0  0  0  0  0  0  0  0  0  0  0  0  0  0  0  0  0  0  0  0  0  0  0  0  0  0  0  0  0  0  0  0  0  0  0  0  0  0  0  0  0  0  0  0  0  0  0  0  0  0  0  0  0  0  0  0  0  0  0  0  0  0  0  0  0  0  0  0  0  0  0  0  0  0  0  0  0  0  0  0  0  0  0  0  0  0  0  0  0  0  0  0  0  0  0  0  0  0  0  0  0  0  0  0  0  0  0  0  0  0  0  0  0  0  0  0  0  0  0  0  0  0  0  0  0  0  0  0  0  0  0  0  0  0
0000dacd2d301577f0b601d8c4d00ba7d354f15aa11311e0f946072194560fdd0b1536259360ded18b23e73fb50a41dc1a624a56516528c7d54730954ceda614
1753890404.0948892  h  0000dacd2d301577f0b601d8c4d00ba7d354f15aa11311e0f946072194560fdd0b1536259360ded18b23e73fb50a41dc1a624a56516528c7d54730954ceda614  0000  10000  93873  0  0  14.0  0  0  0  0  0  0  0  0  0  0  0  0  0  0  0  0  0  0  0  0  0  0  0  0  0  0  0  0  0  0  0  0  0  0  0  0  0  0  0  0  0  0  0  0  0  0  0  0  0  0  0  0  0  0  0  0  0  0  0  0  0  0  0  0  0  0  0  0  0  0  0  0  0  0  0  0  0  0  0  0  0  0  0  0  0  0  0  0  0  0  0  0  0  0  0  0  0  0  0  0  0  0  0  0  0  0  0  0  0  0  0  0  0  0  0  0  0  0  0  0  0  0  0  0  0  0  0  0  0  0  0  0  0  0  0  0  0  0  0  0  0  0  0  0  0  0  0  0  0  0  0  0  0  0  0  0  0  0  0  0  0  0  0  0  0  0  0  0  0  0  0  0  0  0  0  0  0  0  0  0  0  0  0  0  0  0  0  0  0  0  0  0  0  0  0  0  0
000083d0c8142d08bab2c053044af40693999bb866a6f3047ec5e6cd03d126a3e754c90e932a716096dde168c34b5112cd938c8e3c3ca0c5e5ae50cc6326063c
1753890407.7885883  h  000083d0c8142d08bab2c053044af40693999bb866a6f3047ec5e6cd03d126a3e754c90e932a716096dde168c34b5112cd938c8e3c3ca0c5e5ae50cc6326063c  0000  10000  131828  0  0  14.5  0  0  0  0  0  0  0  0  0  0  0  0  0  0  0  0  0  0  0  0  0  0  0  0  0  0  0  0  0  0  0  0  0  0  0  0  0  0  0  0  0  0  0  0  0  0  0  0  0  0  0  0  0  0  0  0  0  0  0  0  0  0  0  0  0  0  0  0  0  0  0  0  0  0  0  0  0  0  0  0  0  0  0  0  0  0  0  0  0  0  0  0  0  0  0  0  0  0  0  0  0  0  0  0  0  0  0  0  0  0  0  0  0  0  0  0  0  0  0  0  0  0  0  0  0  0  0  0  0  0  0  0  0  0  0  0  0  0  0  0  0  0  0  0  0  0  0  0  0  0  0  0  0  0  0  0  0  0  0  0  0  0  0  0  0  0  0  0  0  0  0  0  0  0  0  0  0  0  0  0  0  0  0  0  0  0  0  0  0  0  0  0  0  0  0  0  0
0000f1f16003e88fda4fc83e98a4e89e214a963455614435c6b5bdd8b79b5294b852d1ef40735b6498f217bd6188c38dd2d57c41ebfa593cd10e5076d9e656c7
1753890408.584647  h  0000f1f16003e88fda4fc83e98a4e89e214a963455614435c6b5bdd8b79b5294b852d1ef40735b6498f217bd6188c38dd2d57c41ebfa593cd10e5076d9e656c7  0000  10000  36893  0  0  15.0  0  0  0  0  0  0  0  0  0  0  0  0  0  0  0  0  0  0  0  0  0  0  0  0  0  0  0  0  0  0  0  0  0  0  0  0  0  0  0  0  0  0  0  0  0  0  0  0  0  0  0  0  0  0  0  0  0  0  0  0  0  0  0  0  0  0  0  0  0  0  0  0  0  0  0  0  0  0  0  0  0  0  0  0  0  0  0  0  0  0  0  0  0  0  0  0  0  0  0  0  0  0  0  0  0  0  0  0  0  0  0  0  0  0  0  0  0  0  0  0  0  0  0  0  0  0  0  0  0  0  0  0  0  0  0  0  0  0  0  0  0  0  0  0  0  0  0  0  0  0  0  0  0  0  0  0  0  0  0  0  0  0  0  0  0  0  0  0  0  0  0  0  0  0  0  0  0  0  0  0  0  0  0  0  0  0  0  0  0  0  0  0  0  0  0  0  0
00001937fc515c71f165e2111c0eed1448a60b1b8b37e82bae00ee4fd7dccd176acedacfc6618ba8860b464970c437381788cc18892141d6f133001e1bfcbde7
1753890411.3663175  h  00001937fc515c71f165e2111c0eed1448a60b1b8b37e82bae00ee4fd7dccd176acedacfc6618ba8860b464970c437381788cc18892141d6f133001e1bfcbde7  0000  10000  100049  0  0  15.5  0  0  0  0  0  0  0  0  0  0  0  0  0  0  0  0  0  0  0  0  0  0  0  0  0  0  0  0  0  0  0  0  0  0  0  0  0  0  0  0  0  0  0  0  0  0  0  0  0  0  0  0  0  0  0  0  0  0  0  0  0  0  0  0  0  0  0  0  0  0  0  0  0  0  0  0  0  0  0  0  0  0  0  0  0  0  0  0  0  0  0  0  0  0  0  0  0  0  0  0  0  0  0  0  0  0  0  0  0  0  0  0  0  0  0  0  0  0  0  0  0  0  0  0  0  0  0  0  0  0  0  0  0  0  0  0  0  0  0  0  0  0  0  0  0  0  0  0  0  0  0  0  0  0  0  0  0  0  0  0  0  0  0  0  0  0  0  0  0  0  0  0  0  0  0  0  0  0  0  0  0  0  0  0  0  0  0  0  0  0  0  0  0  0  0  0  0
00008b667fec3808d51920cf0283584700dfb298eb1810c5d1165bc05a18c7ab2a2c720066ebb4f56aebcf057e9d2dfac8c33f8b60e171c50f073f8053c5967b
1753890411.5041308  h  00008b667fec3808d51920cf0283584700dfb298eb1810c5d1165bc05a18c7ab2a2c720066ebb4f56aebcf057e9d2dfac8c33f8b60e171c50f073f8053c5967b  0000  10000  14656  0  0  16.0  0  0  0  0  0  0  0  0  0  0  0  0  0  0  0  0  0  0  0  0  0  0  0  0  0  0  0  0  0  0  0  0  0  0  0  0  0  0  0  0  0  0  0  0  0  0  0  0  0  0  0  0  0  0  0  0  0  0  0  0  0  0  0  0  0  0  0  0  0  0  0  0  0  0  0  0  0  0  0  0  0  0  0  0  0  0  0  0  0  0  0  0  0  0  0  0  0  0  0  0  0  0  0  0  0  0  0  0  0  0  0  0  0  0  0  0  0  0  0  0  0  0  0  0  0  0  0  0  0  0  0  0  0  0  0  0  0  0  0  0  0  0  0  0  0  0  0  0  0  0  0  0  0  0  0  0  0  0  0  0  0  0  0  0  0  0  0  0  0  0  0  0  0  0  0  0  0  0  0  0  0  0  0  0  0  0  0  0  0  0  0  0  0  0  0  0  0
00007083586e719124acb462145ee70e8b37cdd20340c0af63ee2c11be5b4f38a7e105580c70ceb40e431b50c466e3510fc97c2e875c164df78c25059c627077
1753890418.9257421  h  00007083586e719124acb462145ee70e8b37cdd20340c0af63ee2c11be5b4f38a7e105580c70ceb40e431b50c466e3510fc97c2e875c164df78c25059c627077  0000  10000  252793  0  0  16.5  0  0  0  0  0  0  0  0  0  0  0  0  0  0  0  0  0  0  0  0  0  0  0  0  0  0  0  0  0  0  0  0  0  0  0  0  0  0  0  0  0  0  0  0  0  0  0  0  0  0  0  0  0  0  0  0  0  0  0  0  0  0  0  0  0  0  0  0  0  0  0  0  0  0  0  0  0  0  0  0  0  0  0  0  0  0  0  0  0  0  0  0  0  0  0  0  0  0  0  0  0  0  0  0  0  0  0  0  0  0  0  0  0  0  0  0  0  0  0  0  0  0  0  0  0  0  0  0  0  0  0  0  0  0  0  0  0  0  0  0  0  0  0  0  0  0  0  0  0  0  0  0  0  0  0  0  0  0  0  0  0  0  0  0  0  0  0  0  0  0  0  0  0  0  0  0  0  0  0  0  0  0  0  0  0  0  0  0  0  0  0  0  0  0  0  0  0
00003935c1f9e426a5408fe2e7307840951750c54a79595c3a1c778fd7d913f0d99a5c249e938e30c9a3ab626431825fefafaf7bc10c0ef19ebaf0c7582359ca
1753890420.5339825  h  00003935c1f9e426a5408fe2e7307840951750c54a79595c3a1c778fd7d913f0d99a5c249e938e30c9a3ab626431825fefafaf7bc10c0ef19ebaf0c7582359ca  0000  10000  61032  0  0  17.0  0  0  0  0  0  0  0  0  0  0  0  0  0  0  0  0  0  0  0  0  0  0  0  0  0  0  0  0  0  0  0  0  0  0  0  0  0  0  0  0  0  0  0  0  0  0  0  0  0  0  0  0  0  0  0  0  0  0  0  0  0  0  0  0  0  0  0  0  0  0  0  0  0  0  0  0  0  0  0  0  0  0  0  0  0  0  0  0  0  0  0  0  0  0  0  0  0  0  0  0  0  0  0  0  0  0  0  0  0  0  0  0  0  0  0  0  0  0  0  0  0  0  0  0  0  0  0  0  0  0  0  0  0  0  0  0  0  0  0  0  0  0  0  0  0  0  0  0  0  0  0  0  0  0  0  0  0  0  0  0  0  0  0  0  0  0  0  0  0  0  0  0  0  0  0  0  0  0  0  0  0  0  0  0  0  0  0  0  0  0  0  0  0  0  0  0  0
0000ab85ed42b93064c13671eeebfb889c992d20868eebba660c266473e72ec74e3f32d1a7524af13993fe43fb6b79a96049f754be63c2b785fda899d4f24456
1753890420.8268082  h  0000ab85ed42b93064c13671eeebfb889c992d20868eebba660c266473e72ec74e3f32d1a7524af13993fe43fb6b79a96049f754be63c2b785fda899d4f24456  0000  10000  19375  0  0  17.5  0  0  0  0  0  0  0  0  0  0  0  0  0  0  0  0  0  0  0  0  0  0  0  0  0  0  0  0  0  0  0  0  0  0  0  0  0  0  0  0  0  0  0  0  0  0  0  0  0  0  0  0  0  0  0  0  0  0  0  0  0  0  0  0  0  0  0  0  0  0  0  0  0  0  0  0  0  0  0  0  0  0  0  0  0  0  0  0  0  0  0  0  0  0  0  0  0  0  0  0  0  0  0  0  0  0  0  0  0  0  0  0  0  0  0  0  0  0  0  0  0  0  0  0  0  0  0  0  0  0  0  0  0  0  0  0  0  0  0  0  0  0  0  0  0  0  0  0  0  0  0  0  0  0  0  0  0  0  0  0  0  0  0  0  0  0  0  0  0  0  0  0  0  0  0  0  0  0  0  0  0  0  0  0  0  0  0  0  0  0  0  0  0  0  0  0  0
0000a5af407bb3d0e8c1fe3d22a1ff665e7b7acda82e3c186faebf2d0408dd55e2bd90c5b4f93db878977da4879c562218437a5d89e2bdec641b7397e7a8ff45
1753890421.3300736  h  0000a5af407bb3d0e8c1fe3d22a1ff665e7b7acda82e3c186faebf2d0408dd55e2bd90c5b4f93db878977da4879c562218437a5d89e2bdec641b7397e7a8ff45  0000  10000  26521  0  0  18.0  0  0  0  0  0  0  0  0  0  0  0  0  0  0  0  0  0  0  0  0  0  0  0  0  0  0  0  0  0  0  0  0  0  0  0  0  0  0  0  0  0  0  0  0  0  0  0  0  0  0  0  0  0  0  0  0  0  0  0  0  0  0  0  0  0  0  0  0  0  0  0  0  0  0  0  0  0  0  0  0  0  0  0  0  0  0  0  0  0  0  0  0  0  0  0  0  0  0  0  0  0  0  0  0  0  0  0  0  0  0  0  0  0  0  0  0  0  0  0  0  0  0  0  0  0  0  0  0  0  0  0  0  0  0  0  0  0  0  0  0  0  0  0  0  0  0  0  0  0  0  0  0  0  0  0  0  0  0  0  0  0  0  0  0  0  0  0  0  0  0  0  0  0  0  0  0  0  0  0  0  0  0  0  0  0  0  0  0  0  0  0  0  0  0  0  0  0
00005b8c051642070908811ec5870e7671d62c9c2029877a71fbd6070e941dd20c5d944a7beb8b5a0600ee5d135585c08fb87ca3285349f40f3d8f2ac9d734fe
1753890422.3920338  h  00005b8c051642070908811ec5870e7671d62c9c2029877a71fbd6070e941dd20c5d944a7beb8b5a0600ee5d135585c08fb87ca3285349f40f3d8f2ac9d734fe  0000  10000  44954  0  0  18.5  0  0  0  0  0  0  0  0  0  0  0  0  0  0  0  0  0  0  0  0  0  0  0  0  0  0  0  0  0  0  0  0  0  0  0  0  0  0  0  0  0  0  0  0  0  0  0  0  0  0  0  0  0  0  0  0  0  0  0  0  0  0  0  0  0  0  0  0  0  0  0  0  0  0  0  0  0  0  0  0  0  0  0  0  0  0  0  0  0  0  0  0  0  0  0  0  0  0  0  0  0  0  0  0  0  0  0  0  0  0  0  0  0  0  0  0  0  0  0  0  0  0  0  0  0  0  0  0  0  0  0  0  0  0  0  0  0  0  0  0  0  0  0  0  0  0  0  0  0  0  0  0  0  0  0  0  0  0  0  0  0  0  0  0  0  0  0  0  0  0  0  0  0  0  0  0  0  0  0  0  0  0  0  0  0  0  0  0  0  0  0  0  0  0  0  0  0
000068d18b131c130ff7b58517e3fdafb6c55116e8acb12a97841eb7700cd226a12b9735c2f4cf1e84057af30e4dc5e64bf1d6f00e4d2efc54a748614e24c8ae
1753890422.7959664  h  000068d18b131c130ff7b58517e3fdafb6c55116e8acb12a97841eb7700cd226a12b9735c2f4cf1e84057af30e4dc5e64bf1d6f00e4d2efc54a748614e24c8ae  0000  10000  22113  0  0  19.0  0  0  0  0  0  0  0  0  0  0  0  0  0  0  0  0  0  0  0  0  0  0  0  0  0  0  0  0  0  0  0  0  0  0  0  0  0  0  0  0  0  0  0  0  0  0  0  0  0  0  0  0  0  0  0  0  0  0  0  0  0  0  0  0  0  0  0  0  0  0  0  0  0  0  0  0  0  0  0  0  0  0  0  0  0  0  0  0  0  0  0  0  0  0  0  0  0  0  0  0  0  0  0  0  0  0  0  0  0  0  0  0  0  0  0  0  0  0  0  0  0  0  0  0  0  0  0  0  0  0  0  0  0  0  0  0  0  0  0  0  0  0  0  0  0  0  0  0  0  0  0  0  0  0  0  0  0  0  0  0  0  0  0  0  0  0  0  0  0  0  0  0  0  0  0  0  0  0  0  0  0  0  0  0  0  0  0  0  0  0  0  0  0  0  0  0  0
0000677e0804ec842a3c5c565660a4a6d3004f77bc83562f8bf6c7223d1b6bd1b3e0f5daf305529e774a859d385e25e66f479b8fa2bb4639c43a3ac8f412a22c
1753890428.5256166  h  0000677e0804ec842a3c5c565660a4a6d3004f77bc83562f8bf6c7223d1b6bd1b3e0f5daf305529e774a859d385e25e66f479b8fa2bb4639c43a3ac8f412a22c  0000  10000  195799  0  0  19.5  0  0  0  0  0  0  0  0  0  0  0  0  0  0  0  0  0  0  0  0  0  0  0  0  0  0  0  0  0  0  0  0  0  0  0  0  0  0  0  0  0  0  0  0  0  0  0  0  0  0  0  0  0  0  0  0  0  0  0  0  0  0  0  0  0  0  0  0  0  0  0  0  0  0  0  0  0  0  0  0  0  0  0  0  0  0  0  0  0  0  0  0  0  0  0  0  0  0  0  0  0  0  0  0  0  0  0  0  0  0  0  0  0  0  0  0  0  0  0  0  0  0  0  0  0  0  0  0  0  0  0  0  0  0  0  0  0  0  0  0  0  0  0  0  0  0  0  0  0  0  0  0  0  0  0  0  0  0  0  0  0  0  0  0  0  0  0  0  0  0  0  0  0  0  0  0  0  0  0  0  0  0  0  0  0  0  0  0  0  0  0  0  0  0  0  0  0
00001366ae0160003289e6e566c2f14c36f1f39daec5e30f433e1fd05dad56529504957a069e3a13e7df4a2a7d64caccfc33e28b948f80e3ba05405c77b089e2
1753895968.221892  h  00001366ae0160003289e6e566c2f14c36f1f39daec5e30f433e1fd05dad56529504957a069e3a13e7df4a2a7d64caccfc33e28b948f80e3ba05405c77b089e2  0000  10000  35175  0  0  20.0  0  0  0  0  0  0  0  0  0  0  0  0  0  0  0  0  0  0  0  0  0  0  0  0  0  0  0  0  0  0  0  0  0  0  0  0  0  0  0  0  0  0  0  0  0  0  0  0  0  0  0  0  0  0  0  0  0  0  0  0  0  0  0  0  0  0  0  0  0  0  0  0  0  0  0  0  0  0  0  0  0  0  0  0  0  0  0  0  0  0  0  0  0  0  0  0  0  0  0  0  0  0  0  0  0  0  0  0  0  0  0  0  0  0  0  0  0  0  0  0  0  0  0  0  0  0  0  0  0  0  0  0  0  0  0  0  0  0  0  0  0  0  0  0  0  0  0  0  0  0  0  0  0  0  0  0  0  0  0  0  0  0  0  0  0  0  0  0  0  0  0  0  0  0  0  0  0  0  0  0  0  0  0  0  0  0  0  0  0  0  0  0  0  0  0  0  0
0000a082ad8293509cb598325bccfd09dc9b015b5c0aead7a4095a85b6f82552fed3670e05acea3884f91f96ad400230c5cd859e3cd8daa42f59745832a8678c
1753895977.5782912  h  0000a082ad8293509cb598325bccfd09dc9b015b5c0aead7a4095a85b6f82552fed3670e05acea3884f91f96ad400230c5cd859e3cd8daa42f59745832a8678c  0000  10000  309509  0  0  20.5  0  0  0  0  0  0  0  0  0  0  0  0  0  0  0  0  0  0  0  0  0  0  0  0  0  0  0  0  0  0  0  0  0  0  0  0  0  0  0  0  0  0  0  0  0  0  0  0  0  0  0  0  0  0  0  0  0  0  0  0  0  0  0  0  0  0  0  0  0  0  0  0  0  0  0  0  0  0  0  0  0  0  0  0  0  0  0  0  0  0  0  0  0  0  0  0  0  0  0  0  0  0  0  0  0  0  0  0  0  0  0  0  0  0  0  0  0  0  0  0  0  0  0  0  0  0  0  0  0  0  0  0  0  0  0  0  0  0  0  0  0  0  0  0  0  0  0  0  0  0  0  0  0  0  0  0  0  0  0  0  0  0  0  0  0  0  0  0  0  0  0  0  0  0  0  0  0  0  0  0  0  0  0  0  0  0  0  0  0  0  0  0  0  0  0  0  0
00002e758b5e3bbc48d1d53a26e91d46a0c754792ba95b774f5266d2153abbc41901a9b8c17f100a7057fecb9ca9eb525f10727cb0ef1650c5039d93122e5f8f
1753895982.5422297  h  00002e758b5e3bbc48d1d53a26e91d46a0c754792ba95b774f5266d2153abbc41901a9b8c17f100a7057fecb9ca9eb525f10727cb0ef1650c5039d93122e5f8f  0000  10000  170413  0  0  21.0  0  0  0  0  0  0  0  0  0  0  0  0  0  0  0  0  0  0  0  0  0  0  0  0  0  0  0  0  0  0  0  0  0  0  0  0  0  0  0  0  0  0  0  0  0  0  0  0  0  0  0  0  0  0  0  0  0  0  0  0  0  0  0  0  0  0  0  0  0  0  0  0  0  0  0  0  0  0  0  0  0  0  0  0  0  0  0  0  0  0  0  0  0  0  0  0  0  0  0  0  0  0  0  0  0  0  0  0  0  0  0  0  0  0  0  0  0  0  0  0  0  0  0  0  0  0  0  0  0  0  0  0  0  0  0  0  0  0  0  0  0  0  0  0  0  0  0  0  0  0  0  0  0  0  0  0  0  0  0  0  0  0  0  0  0  0  0  0  0  0  0  0  0  0  0  0  0  0  0  0  0  0  0  0  0  0  0  0  0  0  0  0  0  0  0  0  0
000057c8c6edc0cb2f9f612d7b88f8885ee3d828bc626e7407ba538382394a2db97fbe3c9fe08bf9014fdd7d7f1c6d417dbf27ff5bf543aaf1b2bff1db30191d
1753895988.083167  h  000057c8c6edc0cb2f9f612d7b88f8885ee3d828bc626e7407ba538382394a2db97fbe3c9fe08bf9014fdd7d7f1c6d417dbf27ff5bf543aaf1b2bff1db30191d  0000  10000  189357  0  0  21.5  0  0  0  0  0  0  0  0  0  0  0  0  0  0  0  0  0  0  0  0  0  0  0  0  0  0  0  0  0  0  0  0  0  0  0  0  0  0  0  0  0  0  0  0  0  0  0  0  0  0  0  0  0  0  0  0  0  0  0  0  0  0  0  0  0  0  0  0  0  0  0  0  0  0  0  0  0  0  0  0  0  0  0  0  0  0  0  0  0  0  0  0  0  0  0  0  0  0  0  0  0  0  0  0  0  0  0  0  0  0  0  0  0  0  0  0  0  0  0  0  0  0  0  0  0  0  0  0  0  0  0  0  0  0  0  0  0  0  0  0  0  0  0  0  0  0  0  0  0  0  0  0  0  0  0  0  0  0  0  0  0  0  0  0  0  0  0  0  0  0  0  0  0  0  0  0  0  0  0  0  0  0  0  0  0  0  0  0  0  0  0  0  0  0  0  0  0
000010a621146143807f1f49f1319927a459ea3c522aa82d71231ed5f44e19a2602f6b3935e0bed604b160f3ffa303e811d6dc58bbf4327d9779e0a10945f507
1753895988.847307  h  000010a621146143807f1f49f1319927a459ea3c522aa82d71231ed5f44e19a2602f6b3935e0bed604b160f3ffa303e811d6dc58bbf4327d9779e0a10945f507  0000  10000  33707  0  0  22.0  0  0  0  0  0  0  0  0  0  0  0  0  0  0  0  0  0  0  0  0  0  0  0  0  0  0  0  0  0  0  0  0  0  0  0  0  0  0  0  0  0  0  0  0  0  0  0  0  0  0  0  0  0  0  0  0  0  0  0  0  0  0  0  0  0  0  0  0  0  0  0  0  0  0  0  0  0  0  0  0  0  0  0  0  0  0  0  0  0  0  0  0  0  0  0  0  0  0  0  0  0  0  0  0  0  0  0  0  0  0  0  0  0  0  0  0  0  0  0  0  0  0  0  0  0  0  0  0  0  0  0  0  0  0  0  0  0  0  0  0  0  0  0  0  0  0  0  0  0  0  0  0  0  0  0  0  0  0  0  0  0  0  0  0  0  0  0  0  0  0  0  0  0  0  0  0  0  0  0  0  0  0  0  0  0  0  0  0  0  0  0  0  0  0  0  0  0
00004831c27294d435fcd9cc78ac3a8887b50004447b88f1580726de37d31dbcc925575d8831871af9c952a774a2468c111198b8fd44b3eeda857c6286e5084a
1753895991.2943676  h  00004831c27294d435fcd9cc78ac3a8887b50004447b88f1580726de37d31dbcc925575d8831871af9c952a774a2468c111198b8fd44b3eeda857c6286e5084a  0000  10000  90200  0  0  22.5  0  0  0  0  0  0  0  0  0  0  0  0  0  0  0  0  0  0  0  0  0  0  0  0  0  0  0  0  0  0  0  0  0  0  0  0  0  0  0  0  0  0  0  0  0  0  0  0  0  0  0  0  0  0  0  0  0  0  0  0  0  0  0  0  0  0  0  0  0  0  0  0  0  0  0  0  0  0  0  0  0  0  0  0  0  0  0  0  0  0  0  0  0  0  0  0  0  0  0  0  0  0  0  0  0  0  0  0  0  0  0  0  0  0  0  0  0  0  0  0  0  0  0  0  0  0  0  0  0  0  0  0  0  0  0  0  0  0  0  0  0  0  0  0  0  0  0  0  0  0  0  0  0  0  0  0  0  0  0  0  0  0  0  0  0  0  0  0  0  0  0  0  0  0  0  0  0  0  0  0  0  0  0  0  0  0  0  0  0  0  0  0  0  0  0  0  0
0000b5c66a537cd923cc21b70aacf3d5b46b3119f6eff5492456b518ab974d29f57f36d8dcd0ed7059778e788de9f5373ab7926ee013a15448a21be28fdb85e7
1753895992.9718068  h  0000b5c66a537cd923cc21b70aacf3d5b46b3119f6eff5492456b518ab974d29f57f36d8dcd0ed7059778e788de9f5373ab7926ee013a15448a21be28fdb85e7  0000  10000  64498  0  0  23.0  0  0  0  0  0  0  0  0  0  0  0  0  0  0  0  0  0  0  0  0  0  0  0  0  0  0  0  0  0  0  0  0  0  0  0  0  0  0  0  0  0  0  0  0  0  0  0  0  0  0  0  0  0  0  0  0  0  0  0  0  0  0  0  0  0  0  0  0  0  0  0  0  0  0  0  0  0  0  0  0  0  0  0  0  0  0  0  0  0  0  0  0  0  0  0  0  0  0  0  0  0  0  0  0  0  0  0  0  0  0  0  0  0  0  0  0  0  0  0  0  0  0  0  0  0  0  0  0  0  0  0  0  0  0  0  0  0  0  0  0  0  0  0  0  0  0  0  0  0  0  0  0  0  0  0  0  0  0  0  0  0  0  0  0  0  0  0  0  0  0  0  0  0  0  0  0  0  0  0  0  0  0  0  0  0  0  0  0  0  0  0  0  0  0  0  0  0
00007022b4d383489dcb5064e03de04f5d53729848562b4188e22a26a216e6bcff4a8493738c60600787be5c074ee2d896a95063f79276d6a39943f4e35e63f1
1753895998.2243323  h  00007022b4d383489dcb5064e03de04f5d53729848562b4188e22a26a216e6bcff4a8493738c60600787be5c074ee2d896a95063f79276d6a39943f4e35e63f1  0000  10000  180261  0  0  23.5  0  0  0  0  0  0  0  0  0  0  0  0  0  0  0  0  0  0  0  0  0  0  0  0  0  0  0  0  0  0  0  0  0  0  0  0  0  0  0  0  0  0  0  0  0  0  0  0  0  0  0  0  0  0  0  0  0  0  0  0  0  0  0  0  0  0  0  0  0  0  0  0  0  0  0  0  0  0  0  0  0  0  0  0  0  0  0  0  0  0  0  0  0  0  0  0  0  0  0  0  0  0  0  0  0  0  0  0  0  0  0  0  0  0  0  0  0  0  0  0  0  0  0  0  0  0  0  0  0  0  0  0  0  0  0  0  0  0  0  0  0  0  0  0  0  0  0  0  0  0  0  0  0  0  0  0  0  0  0  0  0  0  0  0  0  0  0  0  0  0  0  0  0  0  0  0  0  0  0  0  0  0  0  0  0  0  0  0  0  0  0  0  0  0  0  0  0
00005392e909008d5d35e5f6c554b3ddb4e2a1efb154f28f23f1dd0836b3b96e5a876261a814a77bc7acd29658c3c033aaf2575164207d1da4a79d1d87576d30
1753895998.5358872  h  00005392e909008d5d35e5f6c554b3ddb4e2a1efb154f28f23f1dd0836b3b96e5a876261a814a77bc7acd29658c3c033aaf2575164207d1da4a79d1d87576d30  0000  10000  19598  0  0  24.0  0  0  0  0  0  0  0  0  0  0  0  0  0  0  0  0  0  0  0  0  0  0  0  0  0  0  0  0  0  0  0  0  0  0  0  0  0  0  0  0  0  0  0  0  0  0  0  0  0  0  0  0  0  0  0  0  0  0  0  0  0  0  0  0  0  0  0  0  0  0  0  0  0  0  0  0  0  0  0  0  0  0  0  0  0  0  0  0  0  0  0  0  0  0  0  0  0  0  0  0  0  0  0  0  0  0  0  0  0  0  0  0  0  0  0  0  0  0  0  0  0  0  0  0  0  0  0  0  0  0  0  0  0  0  0  0  0  0  0  0  0  0  0  0  0  0  0  0  0  0  0  0  0  0  0  0  0  0  0  0  0  0  0  0  0  0  0  0  0  0  0  0  0  0  0  0  0  0  0  0  0  0  0  0  0  0  0  0  0  0  0  0  0  0  0  0  0
00004a95fed35fd856849f50625c8e660562feee9fdb77d90fe73a5298b369cd32287b5a4db5aa768784bd424a6fba632a71484e51f765e223c03d4b303903ac
1754854989.300641  h  00004a95fed35fd856849f50625c8e660562feee9fdb77d90fe73a5298b369cd32287b5a4db5aa768784bd424a6fba632a71484e51f765e223c03d4b303903ac  0000  10000  44130  0  0  24.5  0  0  0  0  0  0  0  0  0  0  0  0  0  0  0  0  0  0  0  0  0  0  0  0  0  0  0  0  0  0  0  0  0  0  0  0  0  0  0  0  0  0  0  0  0  0  0  0  0  0  0  0  0  0  0  0  0  0  0  0  0  0  0  0  0  0  0  0  0  0  0  0  0  0  0  0  0  0  0  0  0  0  0  0  0  0  0  0  0  0  0  0  0  0  0  0  0  0  0  0  0  0  0  0  0  0  0  0  0  0  0  0  0  0  0  0  0  0  0  0  0  0  0  0  0  0  0  0  0  0  0  0  0  0  0  0  0  0  0  0  0  0  0  0  0  0  0  0  0  0  0  0  0  0  0  0  0  0  0  0  0  0  0  0  0  0  0  0  0  0  0  0  0  0  0  0  0  0  0  0  0  0  0  0  0  0  0  0  0  0  0  0  0  0  0  0  0
000004feeb7f413ee0754a89d05fe6ada230bb65bbe1e3839012ece43d1050a4039a4d11ad0f3cf263711b77def5e56e4e34ea79ae881ddd4ba62f6365c93ca5
1754854994.213669  h  000004feeb7f413ee0754a89d05fe6ada230bb65bbe1e3839012ece43d1050a4039a4d11ad0f3cf263711b77def5e56e4e34ea79ae881ddd4ba62f6365c93ca5  0000  10000  140889  0  0  25.0  0  0  0  0  0  0  0  0  0  0  0  0  0  0  0  0  0  0  0  0  0  0  0  0  0  0  0  0  0  0  0  0  0  0  0  0  0  0  0  0  0  0  0  0  0  0  0  0  0  0  0  0  0  0  0  0  0  0  0  0  0  0  0  0  0  0  0  0  0  0  0  0  0  0  0  0  0  0  0  0  0  0  0  0  0  0  0  0  0  0  0  0  0  0  0  0  0  0  0  0  0  0  0  0  0  0  0  0  0  0  0  0  0  0  0  0  0  0  0  0  0  0  0  0  0  0  0  0  0  0  0  0  0  0  0  0  0  0  0  0  0  0  0  0  0  0  0  0  0  0  0  0  0  0  0  0  0  0  0  0  0  0  0  0  0  0  0  0  0  0  0  0  0  0  0  0  0  0  0  0  0  0  0  0  0  0  0  0  0  0  0  0  0  0  0  0  0
00003ff56bd13556988f7b0039243ce376c8318a59517e427b4180bce3d8df1882cba9c11dc579676975834224141ca610ebf1c020d2cb56bc4c6e07f5f9dd84
1754854994.226959  h  00003ff56bd13556988f7b0039243ce376c8318a59517e427b4180bce3d8df1882cba9c11dc579676975834224141ca610ebf1c020d2cb56bc4c6e07f5f9dd84  0000  10000  10435  0  0  25.5  0  0  0  0  0  0  0  0  0  0  0  0  0  0  0  0  0  0  0  0  0  0  0  0  0  0  0  0  0  0  0  0  0  0  0  0  0  0  0  0  0  0  0  0  0  0  0  0  0  0  0  0  0  0  0  0  0  0  0  0  0  0  0  0  0  0  0  0  0  0  0  0  0  0  0  0  0  0  0  0  0  0  0  0  0  0  0  0  0  0  0  0  0  0  0  0  0  0  0  0  0  0  0  0  0  0  0  0  0  0  0  0  0  0  0  0  0  0  0  0  0  0  0  0  0  0  0  0  0  0  0  0  0  0  0  0  0  0  0  0  0  0  0  0  0  0  0  0  0  0  0  0  0  0  0  0  0  0  0  0  0  0  0  0  0  0  0  0  0  0  0  0  0  0  0  0  0  0  0  0  0  0  0  0  0  0  0  0  0  0  0  0  0  0  0  0  0
00002093c13991185ea1aadd03bceca0096b245b5d497e6e0d546a509df9f935e02e9f977ec8951806f2cbe1b86d911ef3d68ca8c33ca09d37e6a8bd71b78e1c
1754854995.9794002  h  00002093c13991185ea1aadd03bceca0096b245b5d497e6e0d546a509df9f935e02e9f977ec8951806f2cbe1b86d911ef3d68ca8c33ca09d37e6a8bd71b78e1c  0000  10000  67143  0  0  26.0  0  0  0  0  0  0  0  0  0  0  0  0  0  0  0  0  0  0  0  0  0  0  0  0  0  0  0  0  0  0  0  0  0  0  0  0  0  0  0  0  0  0  0  0  0  0  0  0  0  0  0  0  0  0  0  0  0  0  0  0  0  0  0  0  0  0  0  0  0  0  0  0  0  0  0  0  0  0  0  0  0  0  0  0  0  0  0  0  0  0  0  0  0  0  0  0  0  0  0  0  0  0  0  0  0  0  0  0  0  0  0  0  0  0  0  0  0  0  0  0  0  0  0  0  0  0  0  0  0  0  0  0  0  0  0  0  0  0  0  0  0  0  0  0  0  0  0  0  0  0  0  0  0  0  0  0  0  0  0  0  0  0  0  0  0  0  0  0  0  0  0  0  0  0  0  0  0  0  0  0  0  0  0  0  0  0  0  0  0  0  0  0  0  0  0  0  0
0000308fbf7e5615a7b5e53ba07e9d9c1ac21d8084961c44f672b5f53a5ea3fd89bd23fda73f25fd6413f2fba736242316562943a57f47a78c931f4df3df2eed
1754854996.0572214  h  0000308fbf7e5615a7b5e53ba07e9d9c1ac21d8084961c44f672b5f53a5ea3fd89bd23fda73f25fd6413f2fba736242316562943a57f47a78c931f4df3df2eed  0000  10000  12553  0  0  26.5  0  0  0  0  0  0  0  0  0  0  0  0  0  0  0  0  0  0  0  0  0  0  0  0  0  0  0  0  0  0  0  0  0  0  0  0  0  0  0  0  0  0  0  0  0  0  0  0  0  0  0  0  0  0  0  0  0  0  0  0  0  0  0  0  0  0  0  0  0  0  0  0  0  0  0  0  0  0  0  0  0  0  0  0  0  0  0  0  0  0  0  0  0  0  0  0  0  0  0  0  0  0  0  0  0  0  0  0  0  0  0  0  0  0  0  0  0  0  0  0  0  0  0  0  0  0  0  0  0  0  0  0  0  0  0  0  0  0  0  0  0  0  0  0  0  0  0  0  0  0  0  0  0  0  0  0  0  0  0  0  0  0  0  0  0  0  0  0  0  0  0  0  0  0  0  0  0  0  0  0  0  0  0  0  0  0  0  0  0  0  0  0  0  0  0  0  0
00004214a8d857e6795257b1dba1251f104a26d3a427e7d698b289f8af36f60152b76c23ab3b6e6200b220c21f8db1188776ae1b047c88c32b1ce722d0a8b4f1
1754854999.7750564  h  00004214a8d857e6795257b1dba1251f104a26d3a427e7d698b289f8af36f60152b76c23ab3b6e6200b220c21f8db1188776ae1b047c88c32b1ce722d0a8b4f1  0000  10000  132015  0  0  27.0  0  0  0  0  0  0  0  0  0  0  0  0  0  0  0  0  0  0  0  0  0  0  0  0  0  0  0  0  0  0  0  0  0  0  0  0  0  0  0  0  0  0  0  0  0  0  0  0  0  0  0  0  0  0  0  0  0  0  0  0  0  0  0  0  0  0  0  0  0  0  0  0  0  0  0  0  0  0  0  0  0  0  0  0  0  0  0  0  0  0  0  0  0  0  0  0  0  0  0  0  0  0  0  0  0  0  0  0  0  0  0  0  0  0  0  0  0  0  0  0  0  0  0  0  0  0  0  0  0  0  0  0  0  0  0  0  0  0  0  0  0  0  0  0  0  0  0  0  0  0  0  0  0  0  0  0  0  0  0  0  0  0  0  0  0  0  0  0  0  0  0  0  0  0  0  0  0  0  0  0  0  0  0  0  0  0  0  0  0  0  0  0  0  0  0  0  0
0000201d84ac714678ef784b16b248827fd4d1c1241644ccc798737fa5f043d58a1b5ba46b05e42b99e188b69657dc79783d8eba2b3f2e55205c7cc940494ce1
1754855000.0816512  h  0000201d84ac714678ef784b16b248827fd4d1c1241644ccc798737fa5f043d58a1b5ba46b05e42b99e188b69657dc79783d8eba2b3f2e55205c7cc940494ce1  0000  10000  20047  0  0  27.5  0  0  0  0  0  0  0  0  0  0  0  0  0  0  0  0  0  0  0  0  0  0  0  0  0  0  0  0  0  0  0  0  0  0  0  0  0  0  0  0  0  0  0  0  0  0  0  0  0  0  0  0  0  0  0  0  0  0  0  0  0  0  0  0  0  0  0  0  0  0  0  0  0  0  0  0  0  0  0  0  0  0  0  0  0  0  0  0  0  0  0  0  0  0  0  0  0  0  0  0  0  0  0  0  0  0  0  0  0  0  0  0  0  0  0  0  0  0  0  0  0  0  0  0  0  0  0  0  0  0  0  0  0  0  0  0  0  0  0  0  0  0  0  0  0  0  0  0  0  0  0  0  0  0  0  0  0  0  0  0  0  0  0  0  0  0  0  0  0  0  0  0  0  0  0  0  0  0  0  0  0  0  0  0  0  0  0  0  0  0  0  0  0  0  0  0  0
0000e9639ad2b0f7f87301892cfa6c859852f5f8a9728aa68d62e97cd0f6b1bf6ad61f837fddb052abd6e1cdeccdec46ddc8c624a3b43c481008706135f98927
1754855006.4159079  h  0000e9639ad2b0f7f87301892cfa6c859852f5f8a9728aa68d62e97cd0f6b1bf6ad61f837fddb052abd6e1cdeccdec46ddc8c624a3b43c481008706135f98927  0000  10000  193698  0  0  28.0  0  0  0  0  0  0  0  0  0  0  0  0  0  0  0  0  0  0  0  0  0  0  0  0  0  0  0  0  0  0  0  0  0  0  0  0  0  0  0  0  0  0  0  0  0  0  0  0  0  0  0  0  0  0  0  0  0  0  0  0  0  0  0  0  0  0  0  0  0  0  0  0  0  0  0  0  0  0  0  0  0  0  0  0  0  0  0  0  0  0  0  0  0  0  0  0  0  0  0  0  0  0  0  0  0  0  0  0  0  0  0  0  0  0  0  0  0  0  0  0  0  0  0  0  0  0  0  0  0  0  0  0  0  0  0  0  0  0  0  0  0  0  0  0  0  0  0  0  0  0  0  0  0  0  0  0  0  0  0  0  0  0  0  0  0  0  0  0  0  0  0  0  0  0  0  0  0  0  0  0  0  0  0  0  0  0  0  0  0  0  0  0  0  0  0  0  0
0000aa0ced0d359deee158fb728d99ced4d5166f31e6a1fe9b678cb4666d419b3e4a5b7a95f0f372c99aadd2a79c3082ddbb4ba6a53dba09d13cac5d15586354
1754855009.7566051  h  0000aa0ced0d359deee158fb728d99ced4d5166f31e6a1fe9b678cb4666d419b3e4a5b7a95f0f372c99aadd2a79c3082ddbb4ba6a53dba09d13cac5d15586354  0000  10000  115978  0  0  28.5  0  0  0  0  0  0  0  0  0  0  0  0  0  0  0  0  0  0  0  0  0  0  0  0  0  0  0  0  0  0  0  0  0  0  0  0  0  0  0  0  0  0  0  0  0  0  0  0  0  0  0  0  0  0  0  0  0  0  0  0  0  0  0  0  0  0  0  0  0  0  0  0  0  0  0  0  0  0  0  0  0  0  0  0  0  0  0  0  0  0  0  0  0  0  0  0  0  0  0  0  0  0  0  0  0  0  0  0  0  0  0  0  0  0  0  0  0  0  0  0  0  0  0  0  0  0  0  0  0  0  0  0  0  0  0  0  0  0  0  0  0  0  0  0  0  0  0  0  0  0  0  0  0  0  0  0  0  0  0  0  0  0  0  0  0  0  0  0  0  0  0  0  0  0  0  0  0  0  0  0  0  0  0  0  0  0  0  0  0  0  0  0  0  0  0  0  0
0000f7d3e084301794dbe29d7f4b1e873372d9857f5c9d2a598385d8846304daedd56a8668024c1225687376eba7ceb1371a624f4ad908ba0389c2e2a13f538c
1754855010.5202389  h  0000f7d3e084301794dbe29d7f4b1e873372d9857f5c9d2a598385d8846304daedd56a8668024c1225687376eba7ceb1371a624f4ad908ba0389c2e2a13f538c  0000  10000  34844  0  0  29.0  0  0  0  0  0  0  0  0  0  0  0  0  0  0  0  0  0  0  0  0  0  0  0  0  0  0  0  0  0  0  0  0  0  0  0  0  0  0  0  0  0  0  0  0  0  0  0  0  0  0  0  0  0  0  0  0  0  0  0  0  0  0  0  0  0  0  0  0  0  0  0  0  0  0  0  0  0  0  0  0  0  0  0  0  0  0  0  0  0  0  0  0  0  0  0  0  0  0  0  0  0  0  0  0  0  0  0  0  0  0  0  0  0  0  0  0  0  0  0  0  0  0  0  0  0  0  0  0  0  0  0  0  0  0  0  0  0  0  0  0  0  0  0  0  0  0  0  0  0  0  0  0  0  0  0  0  0  0  0  0  0  0  0  0  0  0  0  0  0  0  0  0  0  0  0  0  0  0  0  0  0  0  0  0  0  0  0  0  0  0  0  0  0  0  0  0  0
00006ebfe6680dcbba57ceea3f422c97699331b55265472adc2eec7f7a33308c7df4e9e113ac22137a44eb1ad7b7c9ea668c16b15cd8f90ccc482e0661144ca1
1754855013.924481  h  00006ebfe6680dcbba57ceea3f422c97699331b55265472adc2eec7f7a33308c7df4e9e113ac22137a44eb1ad7b7c9ea668c16b15cd8f90ccc482e0661144ca1  0000  10000  119298  0  0  29.5  0  0  0  0  0  0  0  0  0  0  0  0  0  0  0  0  0  0  0  0  0  0  0  0  0  0  0  0  0  0  0  0  0  0  0  0  0  0  0  0  0  0  0  0  0  0  0  0  0  0  0  0  0  0  0  0  0  0  0  0  0  0  0  0  0  0  0  0  0  0  0  0  0  0  0  0  0  0  0  0  0  0  0  0  0  0  0  0  0  0  0  0  0  0  0  0  0  0  0  0  0  0  0  0  0  0  0  0  0  0  0  0  0  0  0  0  0  0  0  0  0  0  0  0  0  0  0  0  0  0  0  0  0  0  0  0  0  0  0  0  0  0  0  0  0  0  0  0  0  0  0  0  0  0  0  0  0  0  0  0  0  0  0  0  0  0  0  0  0  0  0  0  0  0  0  0  0  0  0  0  0  0  0  0  0  0  0  0  0  0  0  0  0  0  0  0  0
0000abea87fbf56b03b0081376a85987fb8f3496259a97bb2504277d7fbfb6cfdb01cebfbb09f75f0bc4552d0f91200f0afe3e8ce124a04df0e38dd66219e912
1754855014.1884568  h  0000abea87fbf56b03b0081376a85987fb8f3496259a97bb2504277d7fbfb6cfdb01cebfbb09f75f0bc4552d0f91200f0afe3e8ce124a04df0e38dd66219e912  0000  10000  18670  0  0  30.0  0  0  0  0  0  0  0  0  0  0  0  0  0  0  0  0  0  0  0  0  0  0  0  0  0  0  0  0  0  0  0  0  0  0  0  0  0  0  0  0  0  0  0  0  0  0  0  0  0  0  0  0  0  0  0  0  0  0  0  0  0  0  0  0  0  0  0  0  0  0  0  0  0  0  0  0  0  0  0  0  0  0  0  0  0  0  0  0  0  0  0  0  0  0  0  0  0  0  0  0  0  0  0  0  0  0  0  0  0  0  0  0  0  0  0  0  0  0  0  0  0  0  0  0  0  0  0  0  0  0  0  0  0  0  0  0  0  0  0  0  0  0  0  0  0  0  0  0  0  0  0  0  0  0  0  0  0  0  0  0  0  0  0  0  0  0  0  0  0  0  0  0  0  0  0  0  0  0  0  0  0  0  0  0  0  0  0  0  0  0  0  0  0  0  0  0  0
0000e3efa24eaec92b07c4cec949ae65afa9551fb0b3236b52ca30a7de3898b5f123e51e8e6da1ebed7b8915ab74b34b8c41e6e9612349860c3f646daa4b9616
1754855015.2441561  h  0000e3efa24eaec92b07c4cec949ae65afa9551fb0b3236b52ca30a7de3898b5f123e51e8e6da1ebed7b8915ab74b34b8c41e6e9612349860c3f646daa4b9616  0000  10000  44639  0  0  30.5  0  0  0  0  0  0  0  0  0  0  0  0  0  0  0  0  0  0  0  0  0  0  0  0  0  0  0  0  0  0  0  0  0  0  0  0  0  0  0  0  0  0  0  0  0  0  0  0  0  0  0  0  0  0  0  0  0  0  0  0  0  0  0  0  0  0  0  0  0  0  0  0  0  0  0  0  0  0  0  0  0  0  0  0  0  0  0  0  0  0  0  0  0  0  0  0  0  0  0  0  0  0  0  0  0  0  0  0  0  0  0  0  0  0  0  0  0  0  0  0  0  0  0  0  0  0  0  0  0  0  0  0  0  0  0  0  0  0  0  0  0  0  0  0  0  0  0  0  0  0  0  0  0  0  0  0  0  0  0  0  0  0  0  0  0  0  0  0  0  0  0  0  0  0  0  0  0  0  0  0  0  0  0  0  0  0  0  0  0  0  0  0  0  0  0  0  0
0000866f5f03822809dccf804a641861d1733657e94723eb3526884cfe6d3edf4c33d3d02279c0912f54b9543ef62b1f713abc9bba37924daf883c8551c47ea6
1754855599.6065207  h  0000866f5f03822809dccf804a641861d1733657e94723eb3526884cfe6d3edf4c33d3d02279c0912f54b9543ef62b1f713abc9bba37924daf883c8551c47ea6  0000  10000  12228  0  0  31.0  0  0  0  0  0  0  0  0  0  0  0  0  0  0  0  0  0  0  0  0  0  0  0  0  0  0  0  0  0  0  0  0  0  0  0  0  0  0  0  0  0  0  0  0  0  0  0  0  0  0  0  0  0  0  0  0  0  0  0  0  0  0  0  0  0  0  0  0  0  0  0  0  0  0  0  0  0  0  0  0  0  0  0  0  0  0  0  0  0  0  0  0  0  0  0  0  0  0  0  0  0  0  0  0  0  0  0  0  0  0  0  0  0  0  0  0  0  0  0  0  0  0  0  0  0  0  0  0  0  0  0  0  0  0  0  0  0  0  0  0  0  0  0  0  0  0  0  0  0  0  0  0  0  0  0  0  0  0  0  0  0  0  0  0  0  0  0  0  0  0  0  0  0  0  0  0  0  0  0  0  0  0  0  0  0  0  0  0  0  0  0  0  0  0  0  0  0
00006d27fef9c142fa830092c3ef03611586353f4c0023cdfabc9d6a3892693d8e783bc961a08391633f0692338f25122cd390ff6c47586e22bf15e8d7c52443
1754855600.4939625  h  00006d27fef9c142fa830092c3ef03611586353f4c0023cdfabc9d6a3892693d8e783bc961a08391633f0692338f25122cd390ff6c47586e22bf15e8d7c52443  0000  10000  37676  0  0  31.5  0  0  0  0  0  0  0  0  0  0  0  0  0  0  0  0  0  0  0  0  0  0  0  0  0  0  0  0  0  0  0  0  0  0  0  0  0  0  0  0  0  0  0  0  0  0  0  0  0  0  0  0  0  0  0  0  0  0  0  0  0  0  0  0  0  0  0  0  0  0  0  0  0  0  0  0  0  0  0  0  0  0  0  0  0  0  0  0  0  0  0  0  0  0  0  0  0  0  0  0  0  0  0  0  0  0  0  0  0  0  0  0  0  0  0  0  0  0  0  0  0  0  0  0  0  0  0  0  0  0  0  0  0  0  0  0  0  0  0  0  0  0  0  0  0  0  0  0  0  0  0  0  0  0  0  0  0  0  0  0  0  0  0  0  0  0  0  0  0  0  0  0  0  0  0  0  0  0  0  0  0  0  0  0  0  0  0  0  0  0  0  0  0  0  0  0  0
0000948d4427f883a9e5aabd653ba7871d9b2ea385f294e9df36d01bef490492e4018f84fec77a8b2e9ee18976bb1ccbcaa98fe97988d0b292d2fcb6c63a8c91
1754855600.7717469  h  0000948d4427f883a9e5aabd653ba7871d9b2ea385f294e9df36d01bef490492e4018f84fec77a8b2e9ee18976bb1ccbcaa98fe97988d0b292d2fcb6c63a8c91  0000  10000  18726  0  0  32.0  0  0  0  0  0  0  0  0  0  0  0  0  0  0  0  0  0  0  0  0  0  0  0  0  0  0  0  0  0  0  0  0  0  0  0  0  0  0  0  0  0  0  0  0  0  0  0  0  0  0  0  0  0  0  0  0  0  0  0  0  0  0  0  0  0  0  0  0  0  0  0  0  0  0  0  0  0  0  0  0  0  0  0  0  0  0  0  0  0  0  0  0  0  0  0  0  0  0  0  0  0  0  0  0  0  0  0  0  0  0  0  0  0  0  0  0  0  0  0  0  0  0  0  0  0  0  0  0  0  0  0  0  0  0  0  0  0  0  0  0  0  0  0  0  0  0  0  0  0  0  0  0  0  0  0  0  0  0  0  0  0  0  0  0  0  0  0  0  0  0  0  0  0  0  0  0  0  0  0  0  0  0  0  0  0  0  0  0  0  0  0  0  0  0  0  0  0
0000c3e3d317d7be1f71b6de4c330aebbbf6bce9046a9807becf92aec1a7d9ae575ff63e8d69c73c781c4e551c5db5810d5e8b2b0bb947c6a07ff919a99c8e63
1754855603.8024292  h  0000c3e3d317d7be1f71b6de4c330aebbbf6bce9046a9807becf92aec1a7d9ae575ff63e8d69c73c781c4e551c5db5810d5e8b2b0bb947c6a07ff919a99c8e63  0000  10000  101688  0  0  32.5  0  0  0  0  0  0  0  0  0  0  0  0  0  0  0  0  0  0  0  0  0  0  0  0  0  0  0  0  0  0  0  0  0  0  0  0  0  0  0  0  0  0  0  0  0  0  0  0  0  0  0  0  0  0  0  0  0  0  0  0  0  0  0  0  0  0  0  0  0  0  0  0  0  0  0  0  0  0  0  0  0  0  0  0  0  0  0  0  0  0  0  0  0  0  0  0  0  0  0  0  0  0  0  0  0  0  0  0  0  0  0  0  0  0  0  0  0  0  0  0  0  0  0  0  0  0  0  0  0  0  0  0  0  0  0  0  0  0  0  0  0  0  0  0  0  0  0  0  0  0  0  0  0  0  0  0  0  0  0  0  0  0  0  0  0  0  0  0  0  0  0  0  0  0  0  0  0  0  0  0  0  0  0  0  0  0  0  0  0  0  0  0  0  0  0  0  0
00000d3d02bfdb8bd7c34697f84bbef23d39428ed49f613f93564466f630def2967e975b08c817cf11d9215f609b3ed967902c00355826d1afbb8c8a661b007c
1754855604.5914917  h  00000d3d02bfdb8bd7c34697f84bbef23d39428ed49f613f93564466f630def2967e975b08c817cf11d9215f609b3ed967902c00355826d1afbb8c8a661b007c  0000  10000  35094  0  0  33.0  0  0  0  0  0  0  0  0  0  0  0  0  0  0  0  0  0  0  0  0  0  0  0  0  0  0  0  0  0  0  0  0  0  0  0  0  0  0  0  0  0  0  0  0  0  0  0  0  0  0  0  0  0  0  0  0  0  0  0  0  0  0  0  0  0  0  0  0  0  0  0  0  0  0  0  0  0  0  0  0  0  0  0  0  0  0  0  0  0  0  0  0  0  0  0  0  0  0  0  0  0  0  0  0  0  0  0  0  0  0  0  0  0  0  0  0  0  0  0  0  0  0  0  0  0  0  0  0  0  0  0  0  0  0  0  0  0  0  0  0  0  0  0  0  0  0  0  0  0  0  0  0  0  0  0  0  0  0  0  0  0  0  0  0  0  0  0  0  0  0  0  0  0  0  0  0  0  0  0  0  0  0  0  0  0  0  0  0  0  0  0  0  0  0  0  0  0
000067d79480de033f23636f064a039e8b3b852290ded06e407080bcc55e11c789e33efaef02ba2f8c3331b728aae23f70ad1bd43fb4530a8df58a4b11b6b6d7
1754855604.7619772  h  000067d79480de033f23636f064a039e8b3b852290ded06e407080bcc55e11c789e33efaef02ba2f8c3331b728aae23f70ad1bd43fb4530a8df58a4b11b6b6d7  0000  10000  14915  0  0  33.5  0  0  0  0  0  0  0  0  0  0  0  0  0  0  0  0  0  0  0  0  0  0  0  0  0  0  0  0  0  0  0  0  0  0  0  0  0  0  0  0  0  0  0  0  0  0  0  0  0  0  0  0  0  0  0  0  0  0  0  0  0  0  0  0  0  0  0  0  0  0  0  0  0  0  0  0  0  0  0  0  0  0  0  0  0  0  0  0  0  0  0  0  0  0  0  0  0  0  0  0  0  0  0  0  0  0  0  0  0  0  0  0  0  0  0  0  0  0  0  0  0  0  0  0  0  0  0  0  0  0  0  0  0  0  0  0  0  0  0  0  0  0  0  0  0  0  0  0  0  0  0  0  0  0  0  0  0  0  0  0  0  0  0  0  0  0  0  0  0  0  0  0  0  0  0  0  0  0  0  0  0  0  0  0  0  0  0  0  0  0  0  0  0  0  0  0  0
0000000f5761988b8d121c7276fb11c737fb2df534198635372d6c390b8849559c88ec3d9511eebdc18192b0853518f4b748b71a577b32920f12e970793b6ee6
1754855604.8285482  h  0000000f5761988b8d121c7276fb11c737fb2df534198635372d6c390b8849559c88ec3d9511eebdc18192b0853518f4b748b71a577b32920f12e970793b6ee6  0000  10000  11604  0  0  34.0  0  0  0  0  0  0  0  0  0  0  0  0  0  0  0  0  0  0  0  0  0  0  0  0  0  0  0  0  0  0  0  0  0  0  0  0  0  0  0  0  0  0  0  0  0  0  0  0  0  0  0  0  0  0  0  0  0  0  0  0  0  0  0  0  0  0  0  0  0  0  0  0  0  0  0  0  0  0  0  0  0  0  0  0  0  0  0  0  0  0  0  0  0  0  0  0  0  0  0  0  0  0  0  0  0  0  0  0  0  0  0  0  0  0  0  0  0  0  0  0  0  0  0  0  0  0  0  0  0  0  0  0  0  0  0  0  0  0  0  0  0  0  0  0  0  0  0  0  0  0  0  0  0  0  0  0  0  0  0  0  0  0  0  0  0  0  0  0  0  0  0  0  0  0  0  0  0  0  0  0  0  0  0  0  0  0  0  0  0  0  0  0  0  0  0  0  0
0000dad6dfd62b16b7f83fa7e11003e371779eb541b86f01f50db35940780f9135a4a77bc876c56f477a8c9a1b95cd01da92ee3be1cc0baf9b8d08716814e00f
1754855606.1271913  h  0000dad6dfd62b16b7f83fa7e11003e371779eb541b86f01f50db35940780f9135a4a77bc876c56f477a8c9a1b95cd01da92ee3be1cc0baf9b8d08716814e00f  0000  10000  49272  0  0  34.5  0  0  0  0  0  0  0  0  0  0  0  0  0  0  0  0  0  0  0  0  0  0  0  0  0  0  0  0  0  0  0  0  0  0  0  0  0  0  0  0  0  0  0  0  0  0  0  0  0  0  0  0  0  0  0  0  0  0  0  0  0  0  0  0  0  0  0  0  0  0  0  0  0  0  0  0  0  0  0  0  0  0  0  0  0  0  0  0  0  0  0  0  0  0  0  0  0  0  0  0  0  0  0  0  0  0  0  0  0  0  0  0  0  0  0  0  0  0  0  0  0  0  0  0  0  0  0  0  0  0  0  0  0  0  0  0  0  0  0  0  0  0  0  0  0  0  0  0  0  0  0  0  0  0  0  0  0  0  0  0  0  0  0  0  0  0  0  0  0  0  0  0  0  0  0  0  0  0  0  0  0  0  0  0  0  0  0  0  0  0  0  0  0  0  0  0  0
0000d073e7b68eb5ce76d4f7cac033c8ad4bf0ed4c3e1ff9917929b950bbe3c329da081413c5b57f151a85ceb80359da891409248c73092ea5d8493f67550300
1754855608.2082372  h  0000d073e7b68eb5ce76d4f7cac033c8ad4bf0ed4c3e1ff9917929b950bbe3c329da081413c5b57f151a85ceb80359da891409248c73092ea5d8493f67550300  0000  10000  74396  0  0  35.0  0  0  0  0  0  0  0  0  0  0  0  0  0  0  0  0  0  0  0  0  0  0  0  0  0  0  0  0  0  0  0  0  0  0  0  0  0  0  0  0  0  0  0  0  0  0  0  0  0  0  0  0  0  0  0  0  0  0  0  0  0  0  0  0  0  0  0  0  0  0  0  0  0  0  0  0  0  0  0  0  0  0  0  0  0  0  0  0  0  0  0  0  0  0  0  0  0  0  0  0  0  0  0  0  0  0  0  0  0  0  0  0  0  0  0  0  0  0  0  0  0  0  0  0  0  0  0  0  0  0  0  0  0  0  0  0  0  0  0  0  0  0  0  0  0  0  0  0  0  0  0  0  0  0  0  0  0  0  0  0  0  0  0  0  0  0  0  0  0  0  0  0  0  0  0  0  0  0  0  0  0  0  0  0  0  0  0  0  0  0  0  0  0  0  0  0  0
0000606fdae67879e865bce20c58f85007c5fdd78dcbaa0aa76737f0f0c1670b0033aef6df7efe040c5e5929daa149cc39dd4514caa21ec715421b43d63d8c93
1754855610.723646  h  0000606fdae67879e865bce20c58f85007c5fdd78dcbaa0aa76737f0f0c1670b0033aef6df7efe040c5e5929daa149cc39dd4514caa21ec715421b43d63d8c93  0000  10000  84014  0  0  35.5  0  0  0  0  0  0  0  0  0  0  0  0  0  0  0  0  0  0  0  0  0  0  0  0  0  0  0  0  0  0  0  0  0  0  0  0  0  0  0  0  0  0  0  0  0  0  0  0  0  0  0  0  0  0  0  0  0  0  0  0  0  0  0  0  0  0  0  0  0  0  0  0  0  0  0  0  0  0  0  0  0  0  0  0  0  0  0  0  0  0  0  0  0  0  0  0  0  0  0  0  0  0  0  0  0  0  0  0  0  0  0  0  0  0  0  0  0  0  0  0  0  0  0  0  0  0  0  0  0  0  0  0  0  0  0  0  0  0  0  0  0  0  0  0  0  0  0  0  0  0  0  0  0  0  0  0  0  0  0  0  0  0  0  0  0  0  0  0  0  0  0  0  0  0  0  0  0  0  0  0  0  0  0  0  0  0  0  0  0  0  0  0  0  0  0  0  0
00003192f860762dab82181b99a9054ff688dafc838bdbaf8df394b69fbbb259aaeac32e830c2525c5e7aeb3fcec5765a5533924fa75e0a8fd1d4ee9dd942057
1754855613.8335457  h  00003192f860762dab82181b99a9054ff688dafc838bdbaf8df394b69fbbb259aaeac32e830c2525c5e7aeb3fcec5765a5533924fa75e0a8fd1d4ee9dd942057  0000  10000  108675  0  0  36.0  0  0  0  0  0  0  0  0  0  0  0  0  0  0  0  0  0  0  0  0  0  0  0  0  0  0  0  0  0  0  0  0  0  0  0  0  0  0  0  0  0  0  0  0  0  0  0  0  0  0  0  0  0  0  0  0  0  0  0  0  0  0  0  0  0  0  0  0  0  0  0  0  0  0  0  0  0  0  0  0  0  0  0  0  0  0  0  0  0  0  0  0  0  0  0  0  0  0  0  0  0  0  0  0  0  0  0  0  0  0  0  0  0  0  0  0  0  0  0  0  0  0  0  0  0  0  0  0  0  0  0  0  0  0  0  0  0  0  0  0  0  0  0  0  0  0  0  0  0  0  0  0  0  0  0  0  0  0  0  0  0  0  0  0  0  0  0  0  0  0  0  0  0  0  0  0  0  0  0  0  0  0  0  0  0  0  0  0  0  0  0  0  0  0  0  0  0
0000eb1bad5bcb28ea2eeb0cab7589f6b2b93e134115cdbbe8c525b4f3cf602643c5c7d815bc2f01b792b89517adb7120a9097916043616d20accd35c7fed10b
1754855614.6367822  h  0000eb1bad5bcb28ea2eeb0cab7589f6b2b93e134115cdbbe8c525b4f3cf602643c5c7d815bc2f01b792b89517adb7120a9097916043616d20accd35c7fed10b  0000  10000  35631  0  0  36.5  0  0  0  0  0  0  0  0  0  0  0  0  0  0  0  0  0  0  0  0  0  0  0  0  0  0  0  0  0  0  0  0  0  0  0  0  0  0  0  0  0  0  0  0  0  0  0  0  0  0  0  0  0  0  0  0  0  0  0  0  0  0  0  0  0  0  0  0  0  0  0  0  0  0  0  0  0  0  0  0  0  0  0  0  0  0  0  0  0  0  0  0  0  0  0  0  0  0  0  0  0  0  0  0  0  0  0  0  0  0  0  0  0  0  0  0  0  0  0  0  0  0  0  0  0  0  0  0  0  0  0  0  0  0  0  0  0  0  0  0  0  0  0  0  0  0  0  0  0  0  0  0  0  0  0  0  0  0  0  0  0  0  0  0  0  0  0  0  0  0  0  0  0  0  0  0  0  0  0  0  0  0  0  0  0  0  0  0  0  0  0  0  0  0  0  0  0
00009049241bd1e4af13ee85ba1d88f8f0af2e0f6027bf83f0ff6def518677d5b4fb826d538e1f88313e918f135bdbb5c987b0d87383267fa2d096f229af1de0
1754855614.9284146  h  00009049241bd1e4af13ee85ba1d88f8f0af2e0f6027bf83f0ff6def518677d5b4fb826d538e1f88313e918f135bdbb5c987b0d87383267fa2d096f229af1de0  0000  10000  19347  0  0  37.0  0  0  0  0  0  0  0  0  0  0  0  0  0  0  0  0  0  0  0  0  0  0  0  0  0  0  0  0  0  0  0  0  0  0  0  0  0  0  0  0  0  0  0  0  0  0  0  0  0  0  0  0  0  0  0  0  0  0  0  0  0  0  0  0  0  0  0  0  0  0  0  0  0  0  0  0  0  0  0  0  0  0  0  0  0  0  0  0  0  0  0  0  0  0  0  0  0  0  0  0  0  0  0  0  0  0  0  0  0  0  0  0  0  0  0  0  0  0  0  0  0  0  0  0  0  0  0  0  0  0  0  0  0  0  0  0  0  0  0  0  0  0  0  0  0  0  0  0  0  0  0  0  0  0  0  0  0  0  0  0  0  0  0  0  0  0  0  0  0  0  0  0  0  0  0  0  0  0  0  0  0  0  0  0  0  0  0  0  0  0  0  0  0  0  0  0  0
00006dc896243ed8fe0a091e17f48f3c868dda301bf07e60ccd91e4e82c5e28710bc960203b86babb853b80478bdd08d2487abb463dfc7e1854807cd9ddcd952
1754855774.4300935  h  00006dc896243ed8fe0a091e17f48f3c868dda301bf07e60ccd91e4e82c5e28710bc960203b86babb853b80478bdd08d2487abb463dfc7e1854807cd9ddcd952  0000  10000  388700  0  0  37.5  0  0  0  0  0  0  0  0  0  0  0  0  0  0  0  0  0  0  0  0  0  0  0  0  0  0  0  0  0  0  0  0  0  0  0  0  0  0  0  0  0  0  0  0  0  0  0  0  0  0  0  0  0  0  0  0  0  0  0  0  0  0  0  0  0  0  0  0  0  0  0  0  0  0  0  0  0  0  0  0  0  0  0  0  0  0  0  0  0  0  0  0  0  0  0  0  0  0  0  0  0  0  0  0  0  0  0  0  0  0  0  0  0  0  0  0  0  0  0  0  0  0  0  0  0  0  0  0  0  0  0  0  0  0  0  0  0  0  0  0  0  0  0  0  0  0  0  0  0  0  0  0  0  0  0  0  0  0  0  0  0  0  0  0  0  0  0  0  0  0  0  0  0  0  0  0  0  0  0  0  0  0  0  0  0  0  0  0  0  0  0  0  0  0  0  0  0
0000fb3a6a195ad7e40828d285c531e2f3359d4494d157a375935af58b317c83197d72ccf0fd2104eabb3fd44d6137acdf9f5feb03891de77ab2f8e364b023b1
1754855775.26437  h  0000fb3a6a195ad7e40828d285c531e2f3359d4494d157a375935af58b317c83197d72ccf0fd2104eabb3fd44d6137acdf9f5feb03891de77ab2f8e364b023b1  0000  10000  36938  0  0  38.0  0  0  0  0  0  0  0  0  0  0  0  0  0  0  0  0  0  0  0  0  0  0  0  0  0  0  0  0  0  0  0  0  0  0  0  0  0  0  0  0  0  0  0  0  0  0  0  0  0  0  0  0  0  0  0  0  0  0  0  0  0  0  0  0  0  0  0  0  0  0  0  0  0  0  0  0  0  0  0  0  0  0  0  0  0  0  0  0  0  0  0  0  0  0  0  0  0  0  0  0  0  0  0  0  0  0  0  0  0  0  0  0  0  0  0  0  0  0  0  0  0  0  0  0  0  0  0  0  0  0  0  0  0  0  0  0  0  0  0  0  0  0  0  0  0  0  0  0  0  0  0  0  0  0  0  0  0  0  0  0  0  0  0  0  0  0  0  0  0  0  0  0  0  0  0  0  0  0  0  0  0  0  0  0  0  0  0  0  0  0  0  0  0  0  0  0  0
0000de1541eaaba441ab7fb5bef8b39adc8f6fcd4ad431cd72138c78c5de9320eafea1d8f57d049f9f8fdfce98982b6020947d004759d93e13ec964de71bcd19
1754855780.2598546  h  0000de1541eaaba441ab7fb5bef8b39adc8f6fcd4ad431cd72138c78c5de9320eafea1d8f57d049f9f8fdfce98982b6020947d004759d93e13ec964de71bcd19  0000  10000  177241  0  0  38.5  0  0  0  0  0  0  0  0  0  0  0  0  0  0  0  0  0  0  0  0  0  0  0  0  0  0  0  0  0  0  0  0  0  0  0  0  0  0  0  0  0  0  0  0  0  0  0  0  0  0  0  0  0  0  0  0  0  0  0  0  0  0  0  0  0  0  0  0  0  0  0  0  0  0  0  0  0  0  0  0  0  0  0  0  0  0  0  0  0  0  0  0  0  0  0  0  0  0  0  0  0  0  0  0  0  0  0  0  0  0  0  0  0  0  0  0  0  0  0  0  0  0  0  0  0  0  0  0  0  0  0  0  0  0  0  0  0  0  0  0  0  0  0  0  0  0  0  0  0  0  0  0  0  0  0  0  0  0  0  0  0  0  0  0  0  0  0  0  0  0  0  0  0  0  0  0  0  0  0  0  0  0  0  0  0  0  0  0  0  0  0  0  0  0  0  0  0
000014c19b829fe36ffd27130028a1dd79b4f4a75ad7dd6f72963f1b3f58d995dbb5b087ccd4ff9114df852439c294088d9f347837daa39e060cfe8f10a5239b
1754855780.8327537  h  000014c19b829fe36ffd27130028a1dd79b4f4a75ad7dd6f72963f1b3f58d995dbb5b087ccd4ff9114df852439c294088d9f347837daa39e060cfe8f10a5239b  0000  10000  29445  0  0  39.0  0  0  0  0  0  0  0  0  0  0  0  0  0  0  0  0  0  0  0  0  0  0  0  0  0  0  0  0  0  0  0  0  0  0  0  0  0  0  0  0  0  0  0  0  0  0  0  0  0  0  0  0  0  0  0  0  0  0  0  0  0  0  0  0  0  0  0  0  0  0  0  0  0  0  0  0  0  0  0  0  0  0  0  0  0  0  0  0  0  0  0  0  0  0  0  0  0  0  0  0  0  0  0  0  0  0  0  0  0  0  0  0  0  0  0  0  0  0  0  0  0  0  0  0  0  0  0  0  0  0  0  0  0  0  0  0  0  0  0  0  0  0  0  0  0  0  0  0  0  0  0  0  0  0  0  0  0  0  0  0  0  0  0  0  0  0  0  0  0  0  0  0  0  0  0  0  0  0  0  0  0  0  0  0  0  0  0  0  0  0  0  0  0  0  0  0  0
0000b8fcf65cc6ef601339bdec2ac1b0c369c6a5a6e1203aa6785dcd4bd3a7e1744025718bb5743ad9f692502379dda0d119bf3e7705cdf301ad3fc486773916
1754855781.8659508  h  0000b8fcf65cc6ef601339bdec2ac1b0c369c6a5a6e1203aa6785dcd4bd3a7e1744025718bb5743ad9f692502379dda0d119bf3e7705cdf301ad3fc486773916  0000  10000  42164  0  0  39.5  0  0  0  0  0  0  0  0  0  0  0  0  0  0  0  0  0  0  0  0  0  0  0  0  0  0  0  0  0  0  0  0  0  0  0  0  0  0  0  0  0  0  0  0  0  0  0  0  0  0  0  0  0  0  0  0  0  0  0  0  0  0  0  0  0  0  0  0  0  0  0  0  0  0  0  0  0  0  0  0  0  0  0  0  0  0  0  0  0  0  0  0  0  0  0  0  0  0  0  0  0  0  0  0  0  0  0  0  0  0  0  0  0  0  0  0  0  0  0  0  0  0  0  0  0  0  0  0  0  0  0  0  0  0  0  0  0  0  0  0  0  0  0  0  0  0  0  0  0  0  0  0  0  0  0  0  0  0  0  0  0  0  0  0  0  0  0  0  0  0  0  0  0  0  0  0  0  0  0  0  0  0  0  0  0  0  0  0  0  0  0  0  0  0  0  0  0
000081b0eacf87740659ce4d9b11575bc7a5ece1bd300383190a3b79a746f37b07b12f17eae785bd5ab49fc4a711b32ad905502535fc5227a78a60b96b59073e
1754855782.3946223  h  000081b0eacf87740659ce4d9b11575bc7a5ece1bd300383190a3b79a746f37b07b12f17eae785bd5ab49fc4a711b32ad905502535fc5227a78a60b96b59073e  0000  10000  27431  0  0  40.0  0  0  0  0  0  0  0  0  0  0  0  0  0  0  0  0  0  0  0  0  0  0  0  0  0  0  0  0  0  0  0  0  0  0  0  0  0  0  0  0  0  0  0  0  0  0  0  0  0  0  0  0  0  0  0  0  0  0  0  0  0  0  0  0  0  0  0  0  0  0  0  0  0  0  0  0  0  0  0  0  0  0  0  0  0  0  0  0  0  0  0  0  0  0  0  0  0  0  0  0  0  0  0  0  0  0  0  0  0  0  0  0  0  0  0  0  0  0  0  0  0  0  0  0  0  0  0  0  0  0  0  0  0  0  0  0  0  0  0  0  0  0  0  0  0  0  0  0  0  0  0  0  0  0  0  0  0  0  0  0  0  0  0  0  0  0  0  0  0  0  0  0  0  0  0  0  0  0  0  0  0  0  0  0  0  0  0  0  0  0  0  0  0  0  0  0  0
00000b0de9c42259de7417fff5198c446b8910013e43cbb6f2700abf6f1902ca1182e676891cbf535fd02f2d04f3e76dc262115796da0c0df150230d2f6f23a4
1754855783.9151788  h  00000b0de9c42259de7417fff5198c446b8910013e43cbb6f2700abf6f1902ca1182e676891cbf535fd02f2d04f3e76dc262115796da0c0df150230d2f6f23a4  0000  10000  61193  0  0  40.5  0  0  0  0  0  0  0  0  0  0  0  0  0  0  0  0  0  0  0  0  0  0  0  0  0  0  0  0  0  0  0  0  0  0  0  0  0  0  0  0  0  0  0  0  0  0  0  0  0  0  0  0  0  0  0  0  0  0  0  0  0  0  0  0  0  0  0  0  0  0  0  0  0  0  0  0  0  0  0  0  0  0  0  0  0  0  0  0  0  0  0  0  0  0  0  0  0  0  0  0  0  0  0  0  0  0  0  0  0  0  0  0  0  0  0  0  0  0  0  0  0  0  0  0  0  0  0  0  0  0  0  0  0  0  0  0  0  0  0  0  0  0  0  0  0  0  0  0  0  0  0  0  0  0  0  0  0  0  0  0  0  0  0  0  0  0  0  0  0  0  0  0  0  0  0  0  0  0  0  0  0  0  0  0  0  0  0  0  0  0  0  0  0  0  0  0  0
00005c0cb40bb6f2078454af4b4af6065700da8517d2d2627dc22130c0d3f21bf13f0c5a2e92c0c5f1cf31b28612d279937228309f3d9d498e9823eb45d5dba9
1754855784.7873266  h  00005c0cb40bb6f2078454af4b4af6065700da8517d2d2627dc22130c0d3f21bf13f0c5a2e92c0c5f1cf31b28612d279937228309f3d9d498e9823eb45d5dba9  0000  10000  39928  0  0  41.0  0  0  0  0  0  0  0  0  0  0  0  0  0  0  0  0  0  0  0  0  0  0  0  0  0  0  0  0  0  0  0  0  0  0  0  0  0  0  0  0  0  0  0  0  0  0  0  0  0  0  0  0  0  0  0  0  0  0  0  0  0  0  0  0  0  0  0  0  0  0  0  0  0  0  0  0  0  0  0  0  0  0  0  0  0  0  0  0  0  0  0  0  0  0  0  0  0  0  0  0  0  0  0  0  0  0  0  0  0  0  0  0  0  0  0  0  0  0  0  0  0  0  0  0  0  0  0  0  0  0  0  0  0  0  0  0  0  0  0  0  0  0  0  0  0  0  0  0  0  0  0  0  0  0  0  0  0  0  0  0  0  0  0  0  0  0  0  0  0  0  0  0  0  0  0  0  0  0  0  0  0  0  0  0  0  0  0  0  0  0  0  0  0  0  0  0  0
0000b149ce970e17ca2077ed32652757dad16b2e6350dc84ddb8a30fa95c87b9f922a1a383ef4e9852ac8d0be9c7dd21236085b5a938b4ed382070fccd5d593f
1754855785.7641268  h  0000b149ce970e17ca2077ed32652757dad16b2e6350dc84ddb8a30fa95c87b9f922a1a383ef4e9852ac8d0be9c7dd21236085b5a938b4ed382070fccd5d593f  0000  10000  43486  0  0  41.5  0  0  0  0  0  0  0  0  0  0  0  0  0  0  0  0  0  0  0  0  0  0  0  0  0  0  0  0  0  0  0  0  0  0  0  0  0  0  0  0  0  0  0  0  0  0  0  0  0  0  0  0  0  0  0  0  0  0  0  0  0  0  0  0  0  0  0  0  0  0  0  0  0  0  0  0  0  0  0  0  0  0  0  0  0  0  0  0  0  0  0  0  0  0  0  0  0  0  0  0  0  0  0  0  0  0  0  0  0  0  0  0  0  0  0  0  0  0  0  0  0  0  0  0  0  0  0  0  0  0  0  0  0  0  0  0  0  0  0  0  0  0  0  0  0  0  0  0  0  0  0  0  0  0  0  0  0  0  0  0  0  0  0  0  0  0  0  0  0  0  0  0  0  0  0  0  0  0  0  0  0  0  0  0  0  0  0  0  0  0  0  0  0  0  0  0  0
000046ada695360aedb26bc66f35600d4a54c7f9c51ef07e4d411d4b94323866b88d6b701e4067291b1f72929e9c7c420fd5a6cb25f6d0fb8c2b673c216f4a9e
1754855787.7193296  h  000046ada695360aedb26bc66f35600d4a54c7f9c51ef07e4d411d4b94323866b88d6b701e4067291b1f72929e9c7c420fd5a6cb25f6d0fb8c2b673c216f4a9e  0000  10000  74224  0  0  42.0  0  0  0  0  0  0  0  0  0  0  0  0  0  0  0  0  0  0  0  0  0  0  0  0  0  0  0  0  0  0  0  0  0  0  0  0  0  0  0  0  0  0  0  0  0  0  0  0  0  0  0  0  0  0  0  0  0  0  0  0  0  0  0  0  0  0  0  0  0  0  0  0  0  0  0  0  0  0  0  0  0  0  0  0  0  0  0  0  0  0  0  0  0  0  0  0  0  0  0  0  0  0  0  0  0  0  0  0  0  0  0  0  0  0  0  0  0  0  0  0  0  0  0  0  0  0  0  0  0  0  0  0  0  0  0  0  0  0  0  0  0  0  0  0  0  0  0  0  0  0  0  0  0  0  0  0  0  0  0  0  0  0  0  0  0  0  0  0  0  0  0  0  0  0  0  0  0  0  0  0  0  0  0  0  0  0  0  0  0  0  0  0  0  0  0  0  0
0000445635b499e89889259d78d71ec0c1e3dad3cdc63bac92967bd1431d86a3972be9e2be76991bcbd94742d5d8f3492bdbed098df00fff122a19034fb2fc29
1754855803.4507048  h  0000445635b499e89889259d78d71ec0c1e3dad3cdc63bac92967bd1431d86a3972be9e2be76991bcbd94742d5d8f3492bdbed098df00fff122a19034fb2fc29  0000  10000  537874  0  0  42.5  0  0  0  0  0  0  0  0  0  0  0  0  0  0  0  0  0  0  0  0  0  0  0  0  0  0  0  0  0  0  0  0  0  0  0  0  0  0  0  0  0  0  0  0  0  0  0  0  0  0  0  0  0  0  0  0  0  0  0  0  0  0  0  0  0  0  0  0  0  0  0  0  0  0  0  0  0  0  0  0  0  0  0  0  0  0  0  0  0  0  0  0  0  0  0  0  0  0  0  0  0  0  0  0  0  0  0  0  0  0  0  0  0  0  0  0  0  0  0  0  0  0  0  0  0  0  0  0  0  0  0  0  0  0  0  0  0  0  0  0  0  0  0  0  0  0  0  0  0  0  0  0  0  0  0  0  0  0  0  0  0  0  0  0  0  0  0  0  0  0  0  0  0  0  0  0  0  0  0  0  0  0  0  0  0  0  0  0  0  0  0  0  0  0  0  0  0
0000ea1a1be081140c9c7a8c798e84e9ed83de6312994af784bb6efe1ed380567c8b539642627ffb1c6840c98da44713beea18b67a11fdb5ee28df2b6657c018
1754855803.6536  h  0000ea1a1be081140c9c7a8c798e84e9ed83de6312994af784bb6efe1ed380567c8b539642627ffb1c6840c98da44713beea18b67a11fdb5ee28df2b6657c018  0000  10000  16756  0  0  43.0  0  0  0  0  0  0  0  0  0  0  0  0  0  0  0  0  0  0  0  0  0  0  0  0  0  0  0  0  0  0  0  0  0  0  0  0  0  0  0  0  0  0  0  0  0  0  0  0  0  0  0  0  0  0  0  0  0  0  0  0  0  0  0  0  0  0  0  0  0  0  0  0  0  0  0  0  0  0  0  0  0  0  0  0  0  0  0  0  0  0  0  0  0  0  0  0  0  0  0  0  0  0  0  0  0  0  0  0  0  0  0  0  0  0  0  0  0  0  0  0  0  0  0  0  0  0  0  0  0  0  0  0  0  0  0  0  0  0  0  0  0  0  0  0  0  0  0  0  0  0  0  0  0  0  0  0  0  0  0  0  0  0  0  0  0  0  0  0  0  0  0  0  0  0  0  0  0  0  0  0  0  0  0  0  0  0  0  0  0  0  0  0  0  0  0  0  0
0000a808c0ea60a23537fd936fa06eecf15e3366d479dc71075e8bcc124ab6a3511c261ef223b0fb8cdfbe1e0b5497fe06c0a0176c8c09680e599192174b7962
1754855804.5888195  h  0000a808c0ea60a23537fd936fa06eecf15e3366d479dc71075e8bcc124ab6a3511c261ef223b0fb8cdfbe1e0b5497fe06c0a0176c8c09680e599192174b7962  0000  10000  40959  0  0  43.5  0  0  0  0  0  0  0  0  0  0  0  0  0  0  0  0  0  0  0  0  0  0  0  0  0  0  0  0  0  0  0  0  0  0  0  0  0  0  0  0  0  0  0  0  0  0  0  0  0  0  0  0  0  0  0  0  0  0  0  0  0  0  0  0  0  0  0  0  0  0  0  0  0  0  0  0  0  0  0  0  0  0  0  0  0  0  0  0  0  0  0  0  0  0  0  0  0  0  0  0  0  0  0  0  0  0  0  0  0  0  0  0  0  0  0  0  0  0  0  0  0  0  0  0  0  0  0  0  0  0  0  0  0  0  0  0  0  0  0  0  0  0  0  0  0  0  0  0  0  0  0  0  0  0  0  0  0  0  0  0  0  0  0  0  0  0  0  0  0  0  0  0  0  0  0  0  0  0  0  0  0  0  0  0  0  0  0  0  0  0  0  0  0  0  0  0  0
0000ce5ce679813fbc83f96e03c7039784a754418e3fb390eba6435e9fe61cf6f2c9fef21782140fea483e457aaae7559f70eedd3a5db974eb42823a0bfa9155
